8.15591e-13
3.81949e-13
-1.58089e-13
7.98834e-13
-9.46039e-14
-4.61593e-13
-2.81457e-13
3.28038e-13
-6.85179e-14
-2.93865e-14
5.09182e-13
-2.11915e-13
6.19498e-13
7.5664e-13
-1.18564e-13
-3.3633e-14
-2.40099e-13
-1.22201e-12
5.24752e-13
-1.36765e-12
4.71694e-14
-3.99378e-14
5.59472e-13
-4.82061e-13
3.37786e-13
-5.77467e-14
1.2636e-13
2.94487e-13
6.49482e-13
-5.14144e-14
1.54729e-13
3.33027e-13
6.5507e-13
8.92247e-13
7.57019e-14
-1.02573e-12
-1.37337e-12
9.23928e-13
7.41031e-13
4.14629e-13
6.66777e-13
1.08574e-13
1.11795e-12
8.3788e-13
3.10891e-13
1.42563e-12
1.31401e-12
5.34277e-14
-3.71189e-13
-7.00359e-15
3.06705e-13
8.2734e-15
-2.48432e-12
1.19002e-13
9.95466e-14
-5.17397e-13
1.0747e-12
9.71392e-13
2.43145e-13
-4.12225e-13
-3.20434e-13
2.38272e-12
7.97502e-13
-4.01244e-12
1.54394e-13
-7.15916e-13
1.02207e-13
-6.11909e-15
4.60745e-13
7.75496e-15
-5.19851e-14
1.20752e-13
2.25457e-13
-7.77817e-14
2.30629e-13
-1.78962e-12
-1.51169e-13
-5.76586e-13
-6.17143e-13
2.30509e-12
-6.32592e-13
-3.00736e-13
-3.28947e-14
-5.65218e-13
1.02783e-13
-5.36434e-13
-2.19557e-14
-2.34601e-13
1.46927e-13
7.90539e-13
5.43626e-13
-1.90983e-12
4.64692e-13
-7.08444e-13
-7.57449e-13
1.0057e-12
5.23792e-13
-7.68272e-14
1.0844e-12
-7.76893e-13
2.57975e-13
-1.73083e-13
4.01309e-13
2.37171e-13
-2.56879e-13
6.07724e-14
-3.10889e-13
-9.27876e-14
4.16545e-13
-1.28384e-12
1.02188e-12
-7.1723e-15
2.32821e-13
-7.96912e-14
1.15315e-12
-9.81577e-14
1.82072e-12
6.87023e-13
2.21289e-13
9.29106e-13
3.03091e-13
3.24242e-13
-1.60754e-13
-2.00146e-13
1.55884e-12
3.25798e-13
-2.91041e-13
-6.75378e-14
-3.72708e-13
9.67578e-13
-1.18739e-12
5.7319e-13
-1.74249e-12
-3.00515e-13
-1.90434e-13
4.77918e-13
-2.47277e-13
-6.57807e-14
-9.59438e-13
9.50697e-13
-6.57087e-13
-1.24044e-12
1.00265e-13
7.30534e-13
-5.07354e-14
5.08964e-14
-1.57955e-13
-1.04956e-12
2.25826e-13
1.96527e-14
-5.64408e-13
6.0915e-13
1.57337e-15
-6.17706e-13
5.40612e-13
-2.45396e-13
-2.3106e-13
5.21474e-13
1.36755e-13
5.52137e-13
-1.54665e-12
-1.44222e-12
8.74098e-14
-1.03877e-13
-2.26193e-14
3.24521e-13
-2.96412e-13
-2.96797e-13
-4.37279e-13
3.05054e-13
-1.51931e-13
-1.61355e-13
-3.45399e-13
8.01583e-13
1.66846e-13
-1.36091e-12
4.95234e-13
3.9105e-13
2.20057e-13
-8.61993e-13
1.03121e-12
-7.07167e-13
8.91787e-14
-1.07958e-13
-3.13446e-13
7.66588e-13
-3.80993e-13
2.70793e-13
6.33788e-13
4.0685e-13
-7.2655e-13
-2.43905e-13
9.92268e-14
1.71084e-13
-1.7305e-13
-8.1235e-13
-7.3652e-13
-2.76866e-13
-7.25826e-14
2.08812e-13
9.49249e-14
3.28837e-14
2.54343e-14
-6.31017e-13
3.71626e-13
-1.75616e-14
2.18652e-13
-4.66814e-13
1.06491e-12
8.00566e-13
2.31051e-13
-5.73358e-14
8.70187e-14
-5.41507e-13
1.8006e-12
-2.27371e-13
3.04878e-13
5.82103e-16
-6.5917e-13
6.80015e-14
-1.50288e-13
-2.93611e-13
6.39168e-14
-1.02704e-12
-4.12003e-14
-3.84835e-13
3.4945e-13
-4.10302e-13
3.72924e-13
-1.7325e-13
-8.90579e-14
-1.97813e-13
1.14247e-12
2.66513e-13
7.20642e-13
6.13189e-14
-2.74826e-13
1.75818e-15
1.54446e-13
1.72446e-13
4.22805e-13
1.10154e-12
9.08998e-15
1.42975e-13
-1.47821e-13
-1.08546e-13
-9.62848e-13
-4.30682e-13
3.92452e-13
-3.9156e-13
-1.19011e-13
-4.47671e-15
1.19107e-12
4.55278e-13
2.9446e-13
-2.18091e-13
-5.42846e-13
4.37478e-13
-2.97388e-13
4.26252e-14
-5.62096e-13
1.73288e-13
7.38054e-14
3.66846e-13
-2.35444e-13
-7.46815e-13
-7.21678e-13
2.44582e-13
7.99494e-13
9.34904e-13
-1.09905e-12
1.26843e-12
1.7526e-14
-1.12108e-12
-5.93337e-14
-2.23919e-13
7.07107e-13
1.89616e-13
-4.33786e-13
1.75817e-12
4.00625e-13
-9.96469e-13
6.42133e-13
-3.66567e-14
-7.20378e-13
-7.06228e-13
-1.62941e-13
3.89795e-13
1.05319e-12
-8.52104e-14
1.19039e-12
7.6945e-13
-3.84891e-13
-4.5704e-13
5.75624e-14
-3.22631e-13
2.53996e-13
-2.35369e-13
-1.06635e-13
-4.152e-13
-1.38986e-12
6.49159e-13
-3.70352e-13
9.65658e-14
1.39425e-13
-3.90319e-14
-1.10871e-13
-9.06451e-13
1.32293e-12
-1.43657e-12
-9.46805e-13
9.18322e-13
-5.89219e-13
3.69088e-13
2.31408e-13
7.4414e-14
1.54646e-13
8.4664e-13
4.33034e-13
3.05478e-13
6.95487e-13
-4.50714e-14
2.06804e-14
7.00501e-13
-1.59536e-12
-2.25536e-13
-2.34975e-12
1.00198e-13
1.99378e-13
-8.56945e-13
1.43019e-13
-5.41483e-13
-2.95187e-13
7.32255e-13
1.25329e-13
-9.78643e-13
1.07782e-12
-2.82491e-13
-6.57042e-13
-9.40173e-13
-3.64404e-13
-7.87579e-14
-3.26376e-13
-4.14744e-13
9.40354e-13
-6.68201e-13
-3.25932e-13
7.08896e-13
7.58298e-13
-6.71652e-13
5.72403e-13
5.7507e-13
2.15115e-12
7.56268e-13
-5.21254e-13
-5.28356e-13
-8.21203e-14
6.12414e-14
9.35253e-13
4.06164e-13
-3.97059e-13
9.5852e-13
1.25368e-12
7.86672e-13
4.31009e-13
-5.13083e-13
-1.23208e-13
1.99272e-12
-2.49057e-13
1.23931e-12
4.39337e-13
2.84285e-13
3.79183e-13
7.08347e-13
-2.26376e-12
1.94273e-12
4.44906e-13
-9.5625e-13
-4.31929e-13
-6.8373e-13
-2.21674e-13
8.36696e-15
-4.17955e-13
2.97971e-13
-4.67453e-14
-2.1033e-14
-1.35352e-12
8.52901e-16
7.50829e-13
-1.20275e-13
-8.90173e-14
-2.71142e-13
3.9463e-13
9.27676e-13
4.18778e-13
-4.36931e-13
2.04666e-13
4.26819e-13
1.11311e-12
1.37792e-13
-3.00953e-13
-2.96887e-13
7.11212e-13
-2.79857e-14
-7.37345e-13
3.4241e-14
-1.64956e-13
2.37505e-13
8.6025e-14
6.263e-13
-7.70331e-14
3.44847e-13
3.32305e-13
4.86582e-13
-1.9836e-13
-6.83229e-13
8.02671e-14
-7.13158e-14
-3.92606e-13
-4.83466e-13
-4.31941e-13
1.34625e-14
1.6595e-12
-2.70973e-13
-5.24729e-14
-6.501e-13
-9.72492e-13
-7.57936e-13
-1.00608e-12
7.58465e-13
5.68643e-14
-3.05594e-13
-2.32511e-13
8.0871e-13
-6.93918e-13
7.33775e-13
3.93177e-13
5.41661e-13
-4.26451e-13
8.06444e-13
1.47292e-13
2.37778e-13
-1.65543e-13
9.31199e-13
5.81178e-13
-1.23038e-13
9.29162e-15
4.32511e-13
-3.47447e-13
1.29989e-12
7.08678e-13
5.56614e-13
8.47406e-14
-7.46379e-13
7.13638e-14
-2.28039e-13
-8.05903e-13
4.97153e-13
2.22131e-13
-2.68712e-13
-5.5426e-13
5.17346e-15
1.60173e-14
-2.93142e-13
2.71001e-12
1.42335e-12
3.73618e-14
6.62407e-13
-6.92278e-13
-3.18146e-13
-5.58082e-13
-2.20144e-13
-1.04434e-12
8.47023e-13
-7.97671e-14
-2.75515e-13
6.95347e-14
9.48213e-14
1.40576e-12
4.3046e-15
-3.36462e-13
-9.40389e-13
5.19191e-13
-3.79918e-13
-5.30139e-13
-3.16857e-14
-7.09898e-14
-7.74601e-13
5.52803e-13
9.33356e-13
8.57626e-13
4.46295e-13
-6.58092e-13
7.81123e-13
6.53066e-13
1.59353e-12
-2.961e-13
2.53975e-13
1.27336e-13
-3.16419e-13
-8.80662e-13
-1.43063e-12
-4.79465e-14
6.90167e-13
-1.63768e-13
5.82829e-13
2.9758e-13
4.91131e-13
-2.60826e-13
-3.18783e-13
1.05073e-12
3.4261e-13
5.74281e-13
5.21784e-13
-2.13756e-14
1.10394e-12
-1.32504e-13
-1.90636e-13
4.2277e-13
1.8566e-12
-3.51253e-13
1.18477e-12
1.47679e-12
1.05599e-13
3.53092e-13
-4.82849e-13
-1.84447e-13
-3.25041e-13
1.50781e-14
-2.88949e-13
-1.67208e-14
-3.87116e-13
-1.25577e-13
-2.4797e-13
-1.14198e-12
9.40496e-13
4.69866e-13
4.67653e-13
6.10455e-13
-2.13788e-13
2.47776e-12
-6.30279e-13
-1.61299e-13
1.14152e-13
-4.89155e-13
-2.12879e-13
-1.84279e-13
1.07024e-12
5.54383e-13
-5.30664e-13
2.73361e-13
5.85879e-13
-3.42535e-14
5.64085e-14
4.41514e-13
-1.13299e-13
-4.38033e-13
1.42908e-12
4.31233e-13
1.25105e-12
7.91684e-13
-1.52865e-12
-5.01319e-13
2.34531e-14
2.46665e-13
4.38745e-13
-6.79086e-15
-5.10292e-14
4.14724e-13
-4.91801e-13
-1.44128e-13
1.38956e-12
6.61996e-13
-2.24287e-12
1.72516e-12
-5.9038e-13
-1.17348e-13
4.70963e-13
-5.96675e-14
-1.42973e-14
-8.13932e-13
-1.11065e-12
-1.97278e-13
-6.66412e-13
-1.66307e-12
5.94807e-13
2.38627e-13
3.52035e-13
2.46207e-13
-2.3398e-13
-6.1073e-13
3.58981e-13
-2.09683e-13
-2.8732e-14
4.05572e-13
5.6036e-13
-4.46493e-14
-2.12085e-13
7.73009e-14
-7.1937e-15
4.6883e-13
-1.15349e-12
7.85651e-13
3.55765e-14
3.23766e-14
2.07798e-13
4.14627e-13
-2.67251e-13
-8.26896e-14
4.65313e-13
-5.32718e-13
-1.15214e-13
-2.25868e-12
-8.96135e-14
2.75158e-13
-2.80501e-13
2.16034e-13
1.10425e-12
4.86334e-14
2.14766e-13
-2.52618e-13
9.90936e-13
2.07778e-14
-1.60336e-13
-2.88072e-13
1.07659e-13
2.43205e-13
-2.78452e-13
-1.89993e-13
1.42434e-13
4.33031e-13
1.17635e-13
-1.68258e-13
2.64009e-13
-2.3753e-15
-4.56127e-13
1.03903e-12
6.60921e-14
3.74073e-13
-1.24909e-12
-3.76242e-13
1.28065e-12
1.86355e-12
-7.26943e-13
-9.2429e-13
4.06181e-13
-2.50383e-13
3.0024e-13
1.79866e-13
-1.39314e-12
9.84814e-14
5.01462e-13
4.61123e-13
5.07626e-13
2.26547e-13
2.25199e-13
6.93203e-15
2.06766e-12
-2.02215e-13
1.89204e-13
1.03194e-12
3.82799e-13
2.21648e-13
1.69906e-13
-1.08913e-13
-1.98031e-13
-2.03097e-14
-2.63069e-13
-2.97654e-13
-3.21327e-13
-1.31849e-12
-2.96356e-13
-1.4305e-12
1.55242e-13
-4.53768e-13
-3.37349e-13
-2.7318e-13
-1.11992e-12
2.55124e-13
6.5587e-13
-8.71276e-13
-1.37696e-13
5.01169e-13
4.02847e-13
-9.03281e-13
2.77542e-13
-2.6941e-13
1.37103e-12
5.705e-13
2.81439e-13
-1.15827e-12
2.53866e-13
1.91208e-12
-2.03634e-13
-1.29899e-13
-1.92553e-12
6.50514e-13
-6.08158e-13
3.89591e-13
4.73785e-13
7.11244e-13
9.39129e-13
3.17185e-13
-1.59564e-13
4.40107e-13
4.07341e-13
3.8601e-13
-2.35419e-13
3.58084e-13
-8.17162e-13
-9.01559e-13
-8.92621e-13
2.04206e-13
-1.27432e-14
4.44733e-14
1.39436e-12
-6.25241e-13
-7.54389e-13
-1.3335e-13
1.27005e-12
-3.98148e-13
-6.06941e-13
2.05659e-13
2.88448e-13
1.15147e-13
-1.87162e-13
2.01157e-13
1.01702e-12
-4.12384e-13
-6.29042e-15
-7.99103e-13
2.32082e-13
9.39743e-13
3.50472e-13
6.88985e-14
6.78747e-13
4.78625e-13
9.64111e-14
-6.80449e-13
2.26737e-13
8.746e-14
2.1128e-13
-4.17088e-14
2.90561e-13
-2.19833e-13
-2.03172e-12
1.25854e-12
-4.11112e-13
4.48414e-13
-2.96226e-13
-1.10395e-12
-1.66012e-13
1.386e-13
-5.21634e-13
-8.89964e-14
7.5365e-15
-2.27647e-14
-2.53217e-13
-5.36188e-13
-1.76608e-13
4.39354e-13
1.36046e-12
4.01001e-15
-2.51733e-13
-3.93053e-14
-3.10755e-13
-3.31006e-13
6.99382e-14
-7.02469e-14
-1.08528e-12
-3.9185e-13
-1.05344e-12
-1.1455e-12
9.00982e-13
3.61581e-16
-2.05497e-12
-2.93566e-13
-3.94691e-13
7.85391e-13
7.65102e-13
4.46648e-13
1.51805e-13
-7.81336e-15
5.05401e-13
2.67348e-13
-1.36517e-12
4.26468e-13
-3.92749e-13
5.4352e-14
-4.33893e-13
-1.94313e-13
5.33086e-13
-6.90073e-13
1.02355e-12
-3.4752e-13
-8.83252e-14
5.08764e-14
3.3775e-14
1.28995e-12
-4.48486e-13
-1.38225e-12
-5.17315e-13
-2.48924e-13
1.06663e-13
4.68725e-13
8.29451e-13
2.00021e-13
-6.27086e-13
-4.14254e-13
-2.2371e-13
-1.68153e-13
2.40905e-13
-4.21341e-13
4.75591e-13
6.42561e-13
1.16346e-13
-1.07785e-13
-8.61713e-14
3.05239e-12
4.23429e-13
4.04457e-13
-1.72385e-12
-9.44446e-13
-2.9397e-13
1.48818e-12
-1.34986e-13
-3.09982e-13
-4.63792e-14
-1.93285e-13
-4.82667e-13
2.36088e-13
-3.07536e-13
1.05914e-12
4.75395e-14
-2.314e-13
2.38127e-13
-4.8777e-13
-1.20577e-13
-2.57361e-13
5.94659e-13
2.67458e-13
-5.44905e-14
-1.93887e-12
4.63498e-13
-4.16857e-14
5.79844e-13
3.68418e-13
3.83935e-13
1.42021e-12
-2.62703e-13
6.42215e-13
8.88893e-13
3.44837e-13
-7.40417e-14
1.55798e-12
-3.24268e-13
3.41888e-13
1.86107e-13
-3.81387e-13
-1.99758e-14
5.31434e-13
-1.39347e-12
-9.18803e-16
-3.61043e-13
5.76617e-13
3.38195e-13
1.24428e-13
-3.25026e-13
3.79101e-13
6.10533e-14
2.60587e-13
4.13549e-13
8.8965e-13
-1.54829e-13
4.44993e-13
6.50372e-15
4.26521e-14
-4.95715e-13
4.45704e-13
4.9314e-14
-8.54651e-13
-4.61308e-13
-3.13648e-13
8.04238e-13
-2.73162e-13
7.40513e-13
9.93623e-13
2.01145e-13
-9.60636e-13
-7.80266e-13
9.01811e-14
5.60069e-13
-1.18941e-12
3.01043e-13
-3.3439e-13
1.61301e-13
1.3962e-12
4.56199e-14
-2.72645e-13
3.43281e-13
-7.74337e-13
-2.06665e-13
4.68139e-13
1.76803e-13
-7.34196e-13
8.03735e-14
7.82564e-13
1.86546e-13
-2.45913e-12
-1.8651e-13
-6.11803e-13
-1.15291e-13
4.74621e-13
3.69183e-13
-5.28643e-13
-7.05225e-13
4.30629e-13
8.37562e-14
-2.58084e-13
2.2863e-13
1.35453e-13
3.98301e-13
1.08962e-13
9.53965e-13
1.26516e-14
7.46328e-13
2.34254e-13
-1.30817e-13
1.51874e-12
-3.90467e-13
3.10273e-13
-1.11923e-13
-6.89246e-13
5.07962e-14
3.63377e-13
-6.79979e-13
-1.61173e-12
-4.22502e-13
5.5137e-13
-1.692e-12
-1.10493e-12
-1.19776e-12
-2.96642e-13
-1.00559e-12
3.43474e-13
-1.02344e-12
4.4165e-13
-4.34687e-13
2.1266e-13
-5.90235e-13
-5.75174e-13
1.71794e-13
6.15827e-13
-5.93648e-13
-3.87515e-13
4.37155e-13
2.55963e-12
-1.02649e-12
4.50027e-14
-1.51709e-12
4.51896e-13
1.59549e-13
5.14844e-13
3.91789e-13
2.27183e-14
1.34969e-13
-6.81388e-15
-7.10947e-14
-1.27181e-14
-2.20765e-13
-8.30399e-13
-3.92815e-13
2.42643e-13
1.52926e-12
1.0156e-12
-1.24245e-13
-1.624e-13
2.63933e-12
4.70002e-13
9.64099e-14
-1.44597e-13
1.16802e-12
1.81555e-12
-4.96752e-13
1.46527e-13
-1.63186e-12
1.2574e-12
2.85549e-14
-2.62087e-15
-2.37977e-13
-7.6474e-13
-2.59672e-13
1.92695e-13
5.19928e-13
1.8662e-13
-4.57061e-13
3.91376e-13
4.67079e-13
-1.6635e-14
2.02522e-13
1.78113e-13
-1.58035e-14
3.23221e-13
5.55781e-13
-9.12095e-15
-3.63652e-13
-6.29641e-14
-9.93258e-14
-1.42713e-13
-7.13421e-13
-7.62962e-15
5.63607e-14
3.58074e-13
5.35082e-13
-2.92149e-13
1.60484e-13
-4.04777e-13
3.53723e-13
5.68788e-14
9.18136e-14
5.80368e-13
2.90911e-13
-6.52027e-13
2.12556e-13
-6.34817e-13
8.68812e-13
1.19125e-12
1.25372e-12
-3.47142e-13
9.30376e-14
1.506e-12
-1.86937e-13
-1.08696e-12
8.04635e-13
-1.28487e-14
1.48172e-13
1.51263e-13
-1.25678e-12
1.56652e-14
1.10288e-12
2.81177e-12
-4.32443e-13
6.24134e-13
-4.33697e-13
1.88215e-12
-7.28794e-13
-1.48671e-12
3.6656e-13
-2.45457e-13
-7.48521e-14
-1.18594e-13
1.12836e-13
1.22943e-13
3.61434e-13
5.50238e-13
1.1935e-12
-5.16592e-13
-1.56845e-14
1.66204e-13
1.99107e-13
3.5759e-13
-1.15495e-13
-3.42828e-13
-1.18437e-12
-1.35217e-13
-1.60738e-13
1.92463e-13
-4.01411e-13
2.96667e-13
1.32076e-12
5.90279e-14
5.4077e-13
-9.70016e-13
1.05531e-13
5.51129e-14
5.6104e-13
3.52769e-13
3.46584e-13
8.64765e-13
1.78962e-12
5.15643e-13
1.14696e-13
-2.23603e-13
-8.72769e-13
-2.34919e-14
2.13053e-13
3.27972e-13
-3.12043e-13
9.64857e-13
-9.04294e-13
1.24431e-12
-4.67492e-13
5.42733e-13
-1.06027e-12
3.34328e-13
1.41423e-12
1.38603e-12
4.93233e-15
6.11337e-13
1.22496e-13
-6.22139e-14
-9.17409e-14
-2.29465e-13
-1.36197e-13
4.38229e-13
-8.59202e-14
1.41573e-12
-1.49956e-12
-1.10695e-12
3.95627e-14
3.31202e-13
1.37494e-12
-8.71896e-14
5.27573e-13
8.49183e-13
1.21291e-12
-5.74958e-13
-1.77583e-12
2.60726e-12
-4.20444e-13
7.83469e-13
-4.01436e-13
-1.95e-12
-4.93834e-13
7.77923e-13
-2.49248e-13
7.91824e-13
2.08347e-12
3.82033e-13
2.12204e-13
-1.23367e-12
1.25435e-13
-7.00037e-13
-8.22697e-13
8.39194e-13
-1.28855e-12
-5.04343e-13
1.67057e-13
-3.92419e-13
2.94073e-13
-8.77568e-13
-4.82142e-13
-5.37759e-13
-6.5474e-13
1.44596e-13
-4.46442e-14
2.42804e-13
-7.47939e-13
-1.72257e-13
-8.73307e-15
-7.81918e-13
5.63208e-13
8.67483e-14
-1.10761e-12
2.33278e-13
7.68475e-13
-9.93753e-14
1.00064e-12
2.44546e-13
-2.18561e-12
3.97699e-13
1.82366e-13
-9.67486e-13
-3.19236e-13
-5.70896e-13
-4.54096e-13
9.75847e-13
3.68585e-13
4.00946e-14
-3.05905e-13
1.01735e-13
-2.67034e-12
2.09305e-12
4.26056e-13
9.07454e-14
8.00446e-13
6.30536e-14
1.83112e-12
1.40457e-13
-8.82272e-14
1.35086e-13
7.0494e-14
-1.90886e-13
-7.66396e-14
-7.7258e-14
2.18201e-13
1.17492e-13
3.42975e-13
6.44432e-13
-3.67716e-15
1.68937e-14
-5.16988e-14
-9.57871e-13
1.05317e-12
-1.74451e-13
1.68072e-13
-3.80222e-15
5.45682e-13
5.5832e-13
2.58048e-14
8.61e-13
4.35414e-13
-5.06408e-13
-5.9043e-13
6.42309e-13
9.15871e-13
7.68661e-13
-4.49615e-14
4.23978e-14
-2.37065e-13
8.75683e-14
2.23831e-12
-6.31594e-13
-1.43981e-12
-2.47227e-14
6.44745e-13
1.08368e-12
-2.15331e-13
4.0051e-13
3.72183e-14
7.5945e-14
-1.75571e-14
-8.67478e-13
4.2015e-13
9.9525e-14
-5.02682e-14
4.06669e-13
-6.99517e-13
-5.71404e-13
7.81342e-13
-2.05947e-13
-1.18614e-12
5.83141e-14
1.07762e-14
1.13527e-13
-6.31706e-13
-9.33545e-13
-6.3295e-15
5.61562e-13
-1.07497e-13
3.27918e-13
-3.16387e-13
3.05405e-13
6.88208e-13
1.10539e-12
9.37283e-13
-8.29244e-13
3.62146e-13
-2.15313e-13
-6.02839e-14
1.34027e-13
7.24758e-13
-1.90439e-13
-1.11838e-13
1.09615e-12
-7.41675e-16
-3.07832e-14
6.57928e-13
-5.79904e-13
-4.82271e-14
1.48599e-12
-5.63059e-14
-2.65831e-13
-5.65101e-13
-6.30662e-14
-4.38626e-14
2.09862e-12
-4.99185e-14
-8.92425e-14
2.52897e-13
-2.93077e-13
-8.00813e-14
-1.39439e-12
-1.01102e-12
4.32257e-13
-4.77718e-14
-4.26096e-13
1.663e-13
3.65559e-13
-9.66195e-13
6.07566e-13
1.41451e-13
-4.54232e-13
1.25104e-12
-2.44162e-13
5.82793e-13
7.94219e-13
1.11007e-12
1.16484e-13
1.0145e-12
6.20966e-15
1.24684e-13
5.49242e-13
-2.51265e-13
-2.6959e-13
-1.6103e-13
-8.07399e-13
1.98603e-13
-3.71538e-14
5.57918e-13
1.03553e-12
8.52923e-13
9.73801e-13
-1.16633e-13
-1.90173e-12
9.56668e-14
1.35221e-12
-1.14538e-12
3.2073e-13
-3.83492e-14
-3.27577e-13
8.43576e-14
-8.59281e-13
-3.45718e-13
2.38002e-13
-7.41251e-13
3.40376e-13
7.28324e-14
9.43924e-13
7.76938e-13
1.28598e-12
-1.24986e-13
4.05294e-13
-1.60228e-12
3.51451e-13
-7.7066e-13
8.37357e-13
2.09298e-14
8.93198e-13
5.55255e-13
-9.31616e-13
-5.52805e-13
4.89154e-13
-2.52318e-13
-8.8868e-13
-1.20559e-13
8.20526e-13
9.87824e-14
2.37492e-13
-4.83547e-13
4.15693e-13
-1.29292e-12
1.21536e-12
4.63636e-13
1.26923e-12
-1.65344e-13
-1.92726e-13
-1.0168e-12
5.50201e-13
-1.34631e-12
5.27573e-13
1.65833e-13
4.34615e-12
-2.26816e-12
1.61149e-14
2.02719e-13
4.44519e-13
-3.6712e-13
-1.01713e-12
5.16494e-13
-8.10327e-14
2.60622e-13
1.09535e-12
-2.63101e-13
3.06427e-13
1.73425e-14
-1.53932e-12
-3.05779e-13
7.94848e-13
1.32853e-12
-5.90443e-13
3.86023e-13
-4.84122e-13
-7.05024e-13
6.31176e-13
-7.58616e-13
8.10858e-14
-5.51485e-13
2.50917e-13
-6.14869e-14
-1.68844e-13
1.42924e-13
4.32718e-13
-7.4186e-13
3.05176e-13
-6.09197e-14
1.56083e-14
4.45913e-14
4.30978e-13
-1.4523e-12
-1.62822e-13
-3.16869e-13
9.13253e-14
5.06572e-13
-2.37975e-12
-3.41937e-13
1.06912e-12
5.64785e-14
5.09067e-13
-9.27793e-14
-7.54432e-14
7.21131e-13
-6.88393e-14
-2.20473e-13
2.45769e-13
-3.43519e-13
5.44012e-13
-3.73538e-13
-9.11796e-13
-9.29228e-13
3.90312e-13
2.66498e-13
-1.12041e-12
-2.61767e-14
-9.81746e-13
-7.81419e-13
3.46476e-13
-4.18781e-13
-1.38171e-12
-9.90717e-14
-5.31176e-15
1.26781e-13
-3.79032e-13
9.34066e-13
-4.40587e-14
9.25567e-13
6.30962e-13
-3.25789e-13
1.12161e-13
2.46463e-13
-6.05594e-13
4.95555e-13
-8.17363e-13
5.40873e-13
-2.56305e-13
-1.00247e-13
6.47733e-13
-2.08553e-13
2.26148e-13
3.12557e-13
1.3735e-12
-3.05636e-13
2.43238e-13
1.52306e-13
-4.90382e-13
1.06155e-12
-1.0772e-12
1.78015e-13
-6.30612e-13
4.32186e-13
6.31287e-13
-5.64954e-14
-8.28849e-14
-1.6012e-12
2.29192e-13
1.25199e-12
-8.7688e-13
3.92324e-13
-1.02015e-12
-1.40362e-12
2.76355e-13
3.75793e-13
-6.17209e-13
-1.05229e-12
-1.82805e-13
-6.2978e-14
3.51424e-13
-1.28689e-13
1.25068e-12
1.03831e-12
3.55222e-14
-5.42007e-13
5.93678e-13
1.94677e-12
3.63181e-13
3.3413e-13
-1.53834e-13
3.26347e-13
2.03891e-12
1.83118e-13
-2.19909e-14
9.04508e-13
5.77514e-13
3.38318e-13
-3.20569e-13
-2.2134e-13
5.8832e-13
-2.13412e-13
9.94641e-14
5.04351e-14
-4.70628e-13
-5.0976e-13
-4.66965e-14
-8.15952e-14
-1.09151e-12
9.91748e-13
6.71717e-13
-1.14187e-12
7.23992e-13
1.39162e-13
4.93916e-13
-1.22454e-12
3.92297e-14
2.92759e-13
1.24971e-13
-3.72995e-13
5.12081e-13
-2.33989e-13
1.20663e-12
-8.21962e-13
-6.52458e-13
1.29959e-12
-6.15088e-15
-3.63594e-13
7.36252e-13
-1.37562e-12
-1.46499e-12
-4.51242e-13
-3.53881e-15
4.20676e-13
-5.36623e-13
1.40028e-13
-1.48662e-13
-1.83827e-13
-2.51402e-14
-5.00841e-13
-5.64724e-13
4.78378e-13
-2.36716e-13
2.51088e-14
-2.12723e-13
-3.29648e-13
-3.06399e-13
2.95218e-13
-2.75028e-13
1.90348e-12
3.74843e-13
7.7085e-13
2.19874e-13
-2.16835e-13
3.7622e-13
2.27294e-13
2.64972e-13
2.44488e-12
-1.56655e-14
7.9674e-13
6.08083e-13
3.52843e-13
-8.01646e-14
1.16412e-12
1.08082e-12
3.87069e-13
-3.75779e-13
-2.70363e-13
7.20378e-13
9.47576e-13
-3.45364e-12
1.72778e-14
-1.23218e-13
-2.8354e-14
4.57849e-13
1.7712e-14
-5.04392e-13
-3.44167e-14
-5.73143e-14
-3.32575e-13
-5.027e-14
-1.26428e-12
3.62596e-13
1.60482e-13
8.57511e-13
2.87229e-13
1.01783e-12
-3.37204e-13
-1.20229e-14
-4.90221e-13
1.0881e-13
-3.29957e-13
-2.43217e-14
8.86102e-14
7.7288e-14
-4.69299e-13
1.017e-12
-1.27772e-13
-3.83407e-13
-4.23084e-13
8.55536e-13
3.42598e-13
3.1724e-13
-2.33414e-13
7.00346e-13
2.10967e-13
9.5408e-15
4.94049e-13
6.80409e-13
5.17301e-13
-1.26407e-13
-1.77333e-13
-3.20994e-14
1.58327e-12
-8.32319e-13
-8.05007e-14
-7.14115e-14
-4.0916e-13
2.67725e-13
-4.03456e-14
1.21527e-12
-7.02898e-15
-1.0752e-12
-1.00133e-12
1.05412e-12
1.38471e-13
-1.51309e-12
5.59256e-13
1.77333e-12
2.55411e-13
4.08297e-13
-1.02212e-12
1.96369e-14
-8.93152e-14
-6.37848e-13
1.19051e-13
9.05544e-14
-1.56204e-14
-1.34811e-14
1.66907e-13
-6.61435e-13
-5.81577e-13
1.48154e-13
-6.58802e-13
-4.11761e-13
3.98282e-13
4.43922e-13
-1.3934e-13
-1.23092e-12
7.82806e-13
-6.87698e-13
-3.96823e-13
-6.37648e-13
3.53325e-13
-4.10515e-13
8.04904e-13
6.31459e-15
-2.45318e-13
1.93456e-13
-1.06244e-12
7.82029e-14
-1.31815e-12
-3.1101e-13
2.21137e-12
1.6115e-12
-1.41129e-12
-1.36715e-12
4.62495e-13
-1.02507e-13
-7.69223e-15
-5.85271e-14
-5.81004e-13
-9.11725e-14
1.16089e-12
1.07663e-12
-7.58022e-13
7.55104e-13
9.287e-13
1.67994e-12
-3.96576e-13
-4.85082e-13
3.29379e-13
-6.16923e-13
-1.58832e-12
2.10838e-12
1.59887e-12
-1.37295e-13
-3.42945e-14
-8.51984e-13
3.35647e-13
-9.51031e-13
9.9388e-13
3.10795e-13
4.66946e-13
-7.33023e-13
-4.17838e-13
1.35672e-12
-5.21727e-13
-8.81018e-13
1.69803e-13
-1.21081e-12
-4.77077e-13
-1.52965e-13
3.58184e-13
9.53011e-13
1.26596e-13
-7.86155e-15
1.94046e-12
-7.8266e-13
4.13604e-13
2.52652e-13
9.19558e-13
8.64216e-13
-9.15635e-13
-1.24702e-12
2.66645e-13
6.81068e-13
4.31402e-13
-1.07341e-12
-3.63276e-13
-7.63286e-13
1.06249e-14
1.9064e-13
-3.60963e-14
-1.18441e-12
-2.83398e-13
2.57562e-13
-2.01339e-13
-2.77963e-13
-1.07728e-12
1.19263e-12
-4.09375e-13
-5.00359e-13
7.02968e-13
-4.71407e-13
-5.6353e-13
3.87903e-13
-2.78395e-13
-2.15986e-13
9.24758e-13
6.00119e-13
1.66073e-13
-1.00121e-13
-1.55685e-12
1.97824e-14
7.85116e-14
6.91302e-13
-4.82442e-14
-7.96171e-13
-1.92664e-12
1.0356e-13
-1.75892e-13
-5.96483e-13
-9.81774e-13
-2.66059e-13
6.84323e-13
-3.54439e-13
-3.08397e-13
-6.21534e-13
1.06888e-12
-2.56814e-13
5.5159e-13
-1.14969e-16
1.67676e-13
6.36347e-13
-6.78214e-14
-1.28966e-13
1.63607e-12
8.39286e-13
-7.49544e-14
1.43128e-12
-7.51607e-14
-4.21565e-14
-5.46745e-13
5.25891e-13
-9.63796e-13
9.93409e-14
-1.99524e-13
6.70388e-13
1.33493e-13
-1.19706e-12
8.78114e-14
1.10245e-12
-8.32034e-14
-1.34266e-12
1.66971e-13
1.04314e-12
5.32598e-13
1.00523e-12
3.00125e-13
-3.78394e-13
-2.24125e-13
4.83178e-13
7.31856e-14
1.87899e-13
-6.01691e-13
2.75849e-13
1.80103e-13
6.37448e-13
5.72281e-13
7.38892e-13
8.44959e-14
4.37819e-13
1.83176e-13
1.20533e-13
-1.22102e-13
-1.57291e-14
-4.97922e-13
2.15475e-13
8.75696e-14
-3.49676e-13
6.76806e-13
-2.10065e-13
3.02796e-13
1.23532e-12
-5.16778e-13
-7.88076e-13
-9.7325e-14
-1.88893e-12
4.47866e-13
8.32569e-14
3.7298e-13
-4.70095e-13
-3.34509e-13
7.38326e-13
-1.94923e-13
8.96743e-13
-7.88929e-15
-1.14324e-12
5.5604e-13
3.72164e-13
6.8037e-13
-4.63254e-13
-3.30161e-14
-2.11109e-14
-1.2016e-14
1.49994e-13
5.56995e-13
-1.30545e-12
2.11146e-13
-5.84935e-13
-1.43408e-15
-5.41327e-15
4.38247e-13
-1.69579e-13
1.50697e-12
-1.88727e-13
1.00088e-12
8.97728e-14
-1.2327e-12
3.19699e-13
-4.12311e-13
6.25756e-13
2.3719e-13
-3.56712e-14
-1.75465e-12
-1.4519e-13
3.74838e-14
-7.55908e-13
1.75247e-12
-6.16945e-15
-3.1991e-15
-5.58451e-13
-1.29347e-13
2.0324e-14
8.1534e-14
-1.67337e-13
4.6752e-14
2.77613e-13
5.96078e-13
-8.48973e-14
-6.44534e-14
-3.76132e-13
-1.15496e-14
1.27554e-12
-3.2256e-13
-4.35913e-13
2.74592e-13
2.02824e-13
1.26252e-12
4.55961e-13
7.35994e-14
-1.13654e-12
1.74251e-13
-7.40781e-14
-1.30589e-13
-7.13583e-13
-4.97092e-13
-9.36955e-14
5.75278e-13
2.58701e-13
-1.007e-13
3.86893e-14
6.79408e-13
-6.53976e-13
-3.39572e-13
-3.27033e-13
4.55338e-13
4.2071e-13
3.19399e-13
2.09929e-13
-5.24525e-13
1.02465e-12
-4.38383e-13
4.11769e-13
-7.97103e-14
6.05622e-13
-4.62898e-13
5.68568e-13
-2.64688e-14
-3.31804e-13
8.36275e-13
3.13864e-13
-9.56692e-14
1.77615e-13
-4.54649e-13
1.9978e-12
-1.50801e-12
-1.32961e-12
-3.86562e-13
-2.7107e-13
-6.69185e-13
-7.53765e-13
-1.37018e-12
-1.48705e-13
-1.64945e-13
1.33534e-14
1.67488e-13
3.18945e-13
1.78019e-12
-5.56175e-14
-1.73481e-12
1.06195e-13
-7.46855e-13
2.33093e-13
7.97922e-13
9.21359e-13
-4.99114e-13
2.98998e-13
-7.79467e-13
-2.51937e-13
-3.88846e-13
-4.49304e-13
5.65486e-13
-9.12146e-14
-7.00044e-13
1.44957e-13
-2.4856e-13
5.83222e-14
-2.49522e-12
4.37694e-13
4.08163e-13
-5.53133e-13
4.87913e-13
4.99787e-13
-3.98502e-14
2.60613e-13
5.54568e-13
-4.32227e-13
-1.02142e-12
8.91534e-14
8.92653e-14
3.23405e-13
-2.9072e-13
-3.93553e-13
-4.09852e-13
-1.03168e-12
-8.12159e-14
1.48108e-13
1.3197e-12
3.24552e-13
-2.47379e-13
2.21432e-13
-1.11527e-13
4.49486e-13
-7.99266e-13
5.58881e-13
-2.77028e-13
-1.12121e-12
7.25743e-13
4.16476e-13
-1.4161e-12
3.2367e-13
3.39137e-13
3.64662e-13
4.01723e-13
-1.04684e-14
-7.56622e-13
1.15694e-14
-5.16619e-13
-4.55589e-13
9.3247e-14
1.13085e-12
-1.98232e-13
-3.8331e-13
3.14363e-13
-7.25819e-13
-1.21168e-13
3.98208e-13
-4.55803e-13
-2.097e-12
3.82947e-13
-3.92958e-13
1.9283e-13
-4.19504e-14
2.05834e-12
4.90359e-13
4.88051e-13
-3.5539e-13
1.01496e-13
-2.74459e-13
1.10389e-12
1.07578e-13
-6.68027e-13
9.55878e-14
3.19879e-13
-3.19692e-13
-6.68112e-14
-7.36496e-14
-7.65904e-13
8.51739e-15
-5.02682e-13
5.07264e-13
2.84703e-13
9.87264e-13
9.24447e-13
7.79551e-13
2.42072e-13
-5.74782e-15
-2.13417e-12
3.15231e-13
-2.69733e-14
5.37995e-13
1.07238e-13
2.54042e-13
1.83583e-13
7.99215e-13
-1.81724e-13
2.65663e-13
1.71931e-13
6.00199e-13
-4.45467e-13
-5.64414e-13
2.222e-13
1.68445e-12
8.05913e-14
4.15677e-13
-3.60854e-13
8.46913e-13
-4.62361e-13
-3.90261e-15
-6.40945e-15
6.33411e-13
-9.57935e-13
1.52646e-13
4.90612e-13
1.32782e-12
-2.78918e-13
5.35002e-14
1.26314e-12
3.1525e-14
-8.17001e-13
9.72689e-13
1.65705e-12
4.87894e-13
-2.2345e-12
1.29278e-13
-2.21939e-13
1.25662e-13
8.74258e-13
-1.34294e-12
-6.60402e-13
-1.03037e-14
-2.32932e-13
8.24628e-13
-1.36146e-13
-7.70753e-13
1.09055e-12
8.37493e-13
-6.83474e-14
8.65468e-13
1.71493e-13
6.80405e-13
-4.61104e-13
-6.35404e-13
1.72168e-13
-6.45785e-14
-4.36401e-14
2.63333e-13
-1.48411e-12
-5.55995e-13
3.20442e-13
-8.97928e-13
-4.034e-14
5.71222e-14
-2.34672e-13
5.72978e-14
6.3661e-13
-2.25774e-13
-7.5947e-13
-6.11236e-13
1.79931e-14
2.85494e-13
-1.00604e-12
-1.25865e-12
1.01101e-13
5.00439e-13
-1.68626e-13
-1.32813e-12
4.99041e-13
-4.15394e-13
-9.77456e-13
1.55222e-12
2.90659e-13
-7.83457e-13
9.58119e-13
5.24753e-13
4.8476e-13
-3.60094e-13
-6.67773e-13
-1.63843e-12
-4.74214e-13
-1.45995e-12
-1.77922e-13
-5.57425e-13
-8.5834e-13
-1.10147e-12
1.65844e-13
-2.57737e-13
2.10326e-12
3.62442e-13
5.20974e-13
-1.14157e-12
2.1777e-13
-1.58122e-12
-3.33735e-12
3.64436e-13
1.54088e-13
8.44524e-13
5.23473e-13
1.55418e-13
-9.3671e-14
2.80687e-12
2.60709e-13
2.26951e-13
3.1446e-13
-2.35169e-13
4.45973e-14
-1.88418e-13
-8.6029e-13
1.35856e-12
7.58157e-14
7.8805e-13
-1.24615e-12
-1.2218e-13
6.54588e-13
-2.2455e-12
6.52595e-13
4.4498e-13
-6.16875e-13
3.23726e-13
1.31849e-12
1.02809e-12
5.67327e-13
-1.3206e-13
-1.80562e-13
-4.84995e-13
-4.68935e-14
2.00831e-13
2.80347e-12
-3.38334e-13
-1.01423e-14
9.98681e-15
1.16781e-12
-2.87624e-13
3.42594e-14
-8.78665e-13
1.51988e-12
3.31721e-13
-2.34373e-13
-1.50805e-14
-8.82005e-13
-2.72587e-13
4.47586e-13
1.46863e-12
1.45771e-13
2.09841e-14
3.27947e-13
-1.88026e-13
1.93401e-12
-7.02418e-13
4.70974e-13
-3.16576e-13
1.84813e-13
-8.62127e-13
3.05336e-13
5.56214e-14
6.29263e-13
-1.99256e-13
-4.9388e-13
-5.40849e-13
1.08173e-13
-1.19848e-12
6.7657e-14
1.01034e-12
-5.27691e-13
-5.06578e-13
-7.43418e-13
5.67599e-13
3.40212e-13
-6.06979e-14
1.52218e-14
-2.07588e-13
-1.38442e-13
5.37916e-13
-1.04738e-12
-6.04152e-13
-5.78017e-14
-5.78878e-13
8.93143e-15
-1.04877e-13
1.29185e-13
4.45961e-13
-3.42343e-13
2.21035e-12
-1.92605e-12
-3.23057e-13
5.10845e-14
-9.0368e-13
5.7404e-14
-1.8587e-12
7.3016e-14
1.22595e-12
1.0021e-13
-1.11013e-12
-2.52375e-13
5.31724e-14
7.58482e-13
-1.95232e-13
3.86669e-15
3.45793e-13
-2.96966e-14
6.67435e-14
-1.5038e-12
-3.17772e-13
5.64522e-13
-4.97327e-13
1.86988e-13
-2.70641e-13
-2.2079e-13
-1.78392e-13
1.67838e-12
2.34091e-13
-2.85711e-13
3.38972e-13
-3.87504e-13
-1.34866e-12
4.22079e-13
7.48712e-13
6.24107e-14
4.23122e-13
5.45425e-13
3.15776e-13
-2.49444e-13
1.39077e-13
9.44651e-14
2.62253e-13
-7.43382e-13
-1.31985e-13
-3.5949e-14
-3.37446e-13
2.99176e-13
4.519e-13
-2.99905e-13
4.44158e-13
-4.98979e-13
-4.86574e-13
1.89352e-13
1.10563e-12
-6.09527e-13
-5.80602e-13
3.37059e-13
8.14652e-13
7.85718e-14
1.85769e-12
4.19225e-13
-9.20638e-13
-1.42601e-13
-4.74731e-13
1.95999e-14
-1.0199e-12
4.08708e-13
-2.77353e-13
2.23304e-13
-4.74723e-13
1.06779e-12
4.61739e-13
5.31224e-13
7.44322e-14
-1.65268e-12
3.74416e-13
1.91597e-13
-2.79423e-13
-1.3074e-12
-7.28602e-13
3.76052e-13
1.06284e-13
1.31307e-14
-4.18428e-13
2.49349e-12
-2.35357e-13
1.88923e-13
1.05546e-15
-2.42794e-13
1.96812e-13
-2.69092e-13
5.91619e-13
2.02545e-13
-1.5801e-14
6.03589e-13
2.96169e-13
1.00133e-13
4.09044e-13
3.17669e-13
8.99869e-14
1.30298e-12
-3.15237e-13
-9.17071e-13
3.60736e-13
-3.15557e-13
-2.06636e-13
1.14744e-12
-2.37344e-13
3.21333e-13
2.41804e-12
5.1062e-13
2.31838e-13
1.11154e-14
-1.08657e-13
2.30436e-12
4.88803e-14
-1.18415e-12
-9.3221e-14
-6.2465e-13
1.29538e-13
2.03598e-13
1.53443e-12
1.36108e-13
-3.52153e-13
-9.08553e-13
1.90781e-13
3.17978e-13
1.84193e-13
-7.45229e-14
-8.62547e-13
-1.70848e-13
-2.36562e-14
-2.76356e-12
3.7509e-13
1.17381e-13
8.08863e-14
-9.79332e-13
9.93724e-13
-8.45868e-13
1.03235e-13
9.2773e-13
-9.98275e-13
-1.76338e-14
1.12087e-13
7.49681e-14
-2.60134e-13
-4.16511e-13
-2.00466e-13
2.33434e-12
2.86214e-13
-1.45204e-12
-4.82661e-13
-1.66174e-14
6.63576e-13
7.3215e-13
1.95069e-13
-8.72024e-13
2.7951e-14
1.02102e-12
-2.36424e-13
-2.71149e-13
9.01725e-13
3.16447e-13
-4.12035e-13
2.3118e-13
-8.66383e-13
-4.46765e-15
3.36259e-13
3.54419e-13
8.18301e-13
-4.05031e-15
5.43993e-13
6.47276e-13
5.1253e-13
-1.52798e-13
-2.2761e-13
-1.53925e-12
-1.38404e-13
1.04148e-12
-2.43307e-13
-2.17705e-13
-4.88541e-13
1.51297e-13
-1.4334e-12
-2.08316e-13
-1.98017e-13
-5.32388e-13
-2.55125e-13
-1.49214e-13
-5.43286e-15
-8.38196e-13
1.51662e-13
-4.05258e-13
4.46825e-13
-9.46843e-14
-1.58025e-13
7.01662e-13
1.88685e-13
5.73265e-13
-2.35e-12
3.78913e-13
-9.29231e-13
1.21722e-12
9.64017e-13
-7.83145e-13
-2.08009e-13
1.07543e-12
7.00794e-13
2.14404e-13
-7.37893e-13
-2.29356e-13
-1.60778e-14
7.11842e-13
-3.98606e-13
1.07557e-12
-1.4971e-12
-2.86262e-13
9.3086e-13
-6.19152e-13
-7.02413e-14
-4.60195e-13
9.38883e-13
-6.09117e-13
4.60037e-13
2.0316e-14
-1.04527e-13
7.52275e-13
4.09062e-13
2.30378e-14
-7.4937e-13
2.1193e-13
1.38193e-12
-3.395e-13
4.98823e-13
-4.57288e-13
-1.36877e-13
3.19687e-13
-4.60812e-13
5.47189e-13
-1.10772e-14
-2.61622e-13
-9.94744e-13
-3.37962e-13
1.99173e-14
9.79765e-13
-6.89309e-14
5.60047e-13
-1.39506e-12
-5.45966e-13
4.01607e-13
-1.83316e-13
-1.30257e-17
1.13353e-13
-1.62921e-13
2.28647e-13
2.0625e-12
-1.04014e-13
3.88455e-13
-3.92363e-13
1.16881e-13
4.88429e-13
4.92467e-13
-1.21729e-12
6.55012e-13
-5.60713e-13
-2.6617e-13
4.48164e-13
1.1346e-12
4.66287e-14
4.54807e-13
4.01871e-15
-6.07089e-14
6.17765e-13
1.47659e-13
3.15352e-13
-4.69943e-14
-2.24909e-14
-9.89405e-13
4.4834e-14
2.24617e-13
-7.83312e-14
-6.32723e-13
7.30567e-13
1.43854e-13
-2.5231e-13
-6.69155e-13
-2.55413e-13
2.30183e-12
9.64305e-13
2.77528e-13
-4.48159e-14
2.48343e-13
-2.41495e-13
-9.84148e-13
-2.22126e-12
-7.62736e-14
1.32031e-12
-8.36832e-13
-1.33935e-13
5.89229e-13
4.39285e-13
8.32717e-15
-4.00556e-13
-1.36308e-13
1.89026e-12
-2.05664e-13
-1.20664e-12
-5.11957e-13
3.82998e-13
-3.63471e-15
1.17384e-12
1.10968e-13
3.36873e-13
7.55189e-13
-2.54313e-13
-9.354e-14
-1.9175e-12
1.23439e-13
-4.06071e-13
-1.20997e-13
-1.48639e-13
4.84263e-13
-9.13999e-13
-4.76685e-13
2.91045e-13
-8.2221e-13
2.41946e-13
3.02332e-13
-1.09885e-13
8.69589e-13
6.21579e-13
-1.884e-13
4.60408e-13
-6.66036e-13
5.06769e-13
-9.86841e-13
4.93128e-14
-6.85605e-13
1.09767e-12
-7.27339e-15
-5.79839e-13
1.04315e-12
5.38322e-13
-6.97041e-13
-1.93463e-12
8.72162e-14
-2.26469e-13
-1.1061e-13
1.49892e-12
4.44616e-14
7.35464e-13
-5.13156e-13
-1.47373e-13
3.68558e-13
1.92525e-13
1.22478e-13
8.75753e-15
-3.38395e-13
4.73356e-13
1.89087e-13
2.22869e-13
2.23278e-13
1.11284e-12
1.56918e-13
-6.19893e-13
-4.26268e-13
1.99082e-13
-1.32208e-12
2.18606e-13
-7.76818e-13
-2.90662e-13
-5.86036e-13
5.55258e-13
-5.9934e-13
-2.40669e-13
8.89339e-14
-8.65839e-14
-6.00668e-13
1.29488e-13
1.93472e-13
-7.05594e-15
2.54529e-13
1.85341e-14
-3.02504e-13
1.55995e-13
-5.49068e-14
-7.18421e-13
-3.49559e-13
3.71889e-14
-5.35715e-13
8.88845e-14
-2.6287e-13
1.48493e-12
-2.36771e-13
5.9889e-13
-5.92909e-13
5.15897e-13
8.89997e-14
-1.29786e-12
3.26396e-14
6.65476e-14
-4.69301e-14
-2.74569e-13
9.50643e-13
7.62678e-14
-2.32563e-13
1.58698e-12
3.47051e-13
-5.49442e-13
-2.26825e-14
5.80724e-14
-1.01139e-12
-1.73851e-13
4.82803e-13
-1.13546e-12
-1.04517e-12
-4.25306e-13
5.0261e-13
-1.39411e-13
-9.99488e-14
-9.62809e-13
-6.8595e-14
-1.68994e-12
-1.16461e-12
1.01158e-13
-6.8685e-14
3.43059e-13
-3.14301e-13
-1.13431e-13
-4.94079e-13
8.13914e-13
5.41453e-13
2.4892e-14
6.5082e-14
1.14939e-13
6.96751e-14
-1.33098e-12
-5.88339e-13
-1.54577e-14
7.83403e-13
3.42287e-13
1.3733e-13
-2.55259e-13
2.24513e-13
6.87696e-13
2.47351e-13
3.23113e-13
7.06093e-13
2.59474e-13
1.33066e-13
1.50382e-13
-2.91669e-13
5.73925e-13
8.82661e-14
1.15437e-13
-1.42156e-12
9.60196e-13
-4.38627e-13
-1.41763e-12
1.46578e-13
-4.81806e-13
6.51712e-14
1.40136e-13
-1.29437e-14
1.44425e-13
-2.73963e-13
1.98736e-13
1.63146e-12
-1.67384e-12
-1.40448e-12
3.63809e-13
9.3926e-14
-2.36514e-13
1.38684e-12
-7.56692e-13
1.42199e-12
7.14787e-14
4.73513e-13
5.74019e-13
-4.45834e-14
5.17792e-13
-3.61849e-13
-1.60136e-12
-2.2781e-14
-3.18591e-13
3.87266e-13
-2.37822e-13
1.56447e-12
4.13305e-14
-2.22982e-13
-3.37622e-14
-1.26762e-12
-1.65578e-12
-3.71802e-13
2.58553e-13
1.80769e-13
-8.86541e-13
-1.72914e-12
2.03999e-13
1.19194e-12
6.16567e-13
-3.07177e-13
-4.95751e-13
8.42542e-13
-2.03516e-13
-4.36618e-14
-2.70907e-13
-1.39224e-12
6.11749e-13
4.10251e-13
-5.5968e-13
3.5213e-14
1.75854e-13
-2.23553e-13
-6.46816e-13
6.84668e-13
4.06112e-14
1.06999e-13
2.98109e-14
8.99121e-14
-1.16049e-12
-2.4976e-13
7.17855e-13
7.39151e-13
6.81681e-13
2.54318e-13
1.2642e-13
1.38708e-12
-6.48321e-13
-6.79082e-14
-1.42563e-13
-3.82906e-13
-7.37608e-13
-5.18799e-13
-6.15317e-13
-3.64514e-13
5.95742e-14
-2.40465e-13
-4.57719e-13
6.01228e-13
-4.59219e-13
6.07118e-13
-2.27819e-13
2.71e-13
-2.19098e-12
3.19624e-14
-5.67379e-13
-9.35129e-13
-4.86833e-13
-1.52625e-13
4.25137e-14
-1.49329e-13
-6.03125e-13
-1.35449e-13
-3.87696e-13
-1.1915e-13
5.46432e-13
2.34179e-13
3.75264e-13
-1.20705e-12
4.19989e-13
2.69731e-13
2.06977e-12
-2.90047e-14
2.45785e-13
1.85102e-14
-6.92199e-13
1.94608e-13
-2.80489e-13
7.7056e-13
7.43132e-13
-9.83517e-14
-3.20001e-13
-7.33491e-14
2.41008e-13
1.01567e-12
-3.19806e-13
2.37082e-13
1.02763e-13
5.72158e-14
-1.39816e-13
-3.02294e-13
-2.82627e-13
-4.42419e-13
-1.22691e-13
-7.67171e-13
-1.40428e-13
5.36631e-13
-3.11772e-13
-6.54308e-13
-9.43382e-13
-2.57021e-13
3.19464e-14
1.4452e-12
1.6155e-13
-9.47996e-13
-8.71921e-13
-2.28303e-13
1.38857e-13
-6.24186e-13
-4.23962e-13
1.6658e-12
-2.43433e-13
2.50013e-13
2.5095e-12
4.68075e-13
-6.28519e-14
2.10385e-13
4.47635e-13
5.50997e-15
-6.53758e-14
-5.92781e-14
-9.6221e-13
-1.31397e-12
-3.38334e-13
-4.80787e-14
4.62847e-13
-2.29701e-13
9.42617e-13
-4.16131e-14
-4.00013e-13
-2.97447e-13
-3.6421e-13
-2.67192e-13
2.75233e-13
-2.40443e-14
-3.62777e-14
-2.46424e-12
6.58159e-13
1.36519e-12
-2.1601e-13
3.35873e-13
-3.35269e-13
-4.48158e-13
1.67579e-12
-3.80992e-14
7.84572e-13
2.75691e-13
1.13402e-13
-4.33872e-13
-3.39149e-14
4.50194e-13
-2.87086e-14
4.47468e-15
1.85607e-12
-3.1144e-13
4.6552e-14
7.9748e-14
4.11823e-13
-1.32223e-12
-1.25175e-14
8.16558e-14
-4.58586e-13
-1.45046e-12
1.62278e-13
1.75123e-13
5.23758e-13
-1.43028e-13
-1.02963e-12
5.39269e-13
-7.37291e-13
-5.67244e-13
4.64783e-13
-5.43704e-13
4.017e-14
1.08332e-12
-7.21462e-14
1.0204e-12
-1.53793e-13
2.63667e-12
-1.01654e-12
-1.91069e-14
2.58666e-13
5.5047e-13
2.76969e-13
8.29886e-13
6.24676e-14
8.67581e-13
5.4206e-13
-3.21896e-13
1.83105e-12
4.12698e-13
-3.16313e-13
-1.54471e-12
-5.36379e-13
9.71897e-13
4.05902e-13
-1.69577e-13
-1.552e-13
-7.14816e-15
8.50799e-13
3.03071e-13
4.85981e-13
4.36071e-14
-7.8191e-14
1.23701e-12
2.14966e-13
3.57067e-12
-1.06485e-12
-7.47241e-13
-1.9324e-12
1.87983e-13
-1.63959e-12
1.42564e-13
5.23345e-13
-1.68551e-13
1.07215e-12
5.27764e-13
8.739e-13
-7.93014e-13
-1.72831e-13
-2.01422e-13
-5.11185e-13
1.3561e-13
-8.87186e-14
-7.15138e-13
2.98748e-13
-3.27996e-13
1.74477e-13
2.8712e-13
-4.08915e-14
-2.10254e-13
-3.33159e-13
1.04094e-13
-5.52444e-13
3.58622e-13
-1.05961e-12
-3.61179e-13
5.29647e-13
1.82839e-13
-4.58897e-13
4.27283e-13
4.36097e-13
1.88127e-13
3.25061e-13
-8.60518e-14
4.5641e-13
-5.80562e-13
1.808e-12
-7.95706e-13
-3.96889e-13
6.06274e-13
-9.64482e-13
-2.35368e-13
6.64903e-13
-3.51779e-14
-1.38074e-13
9.15798e-13
1.59737e-13
9.36976e-14
5.01119e-13
-5.40208e-13
1.53236e-12
9.18499e-14
8.75425e-13
-1.19848e-12
1.25763e-13
1.53092e-14
8.04562e-13
4.11386e-13
2.90576e-13
-2.09921e-13
1.58467e-13
-2.29977e-13
-2.74531e-13
-2.14479e-13
3.67458e-14
8.85393e-13
7.02144e-13
3.38223e-13
9.02937e-13
-1.60615e-13
-5.06163e-14
-1.77129e-12
7.49298e-13
-1.08223e-13
5.2674e-13
-1.45022e-12
1.601e-14
6.62968e-13
-2.13493e-13
2.1438e-13
-1.03803e-12
8.19782e-13
-3.77946e-13
2.1326e-13
-1.12308e-13
-9.98432e-13
-6.96467e-13
-7.54937e-13
-7.60928e-13
1.46187e-14
-5.41982e-13
1.38545e-13
8.32453e-13
-5.37879e-13
-1.07072e-13
-1.07066e-12
-2.22245e-13
-7.47724e-14
-2.68519e-13
3.31667e-13
6.61478e-13
-1.34118e-12
1.3811e-12
-1.32972e-12
-5.26253e-13
6.25466e-14
3.79395e-13
9.36064e-15
-3.56891e-13
5.00688e-13
6.81428e-13
6.44798e-14
1.25976e-13
3.60449e-15
2.63204e-13
2.3523e-13
-5.36255e-13
3.24167e-13
-4.88227e-13
3.74923e-13
1.22151e-13
-2.80938e-13
-1.9192e-13
-2.29365e-13
-4.84769e-13
1.39358e-15
-4.99857e-13
1.03731e-12
7.67529e-13
1.96457e-15
1.39075e-12
-4.3288e-13
6.9032e-14
-6.24941e-13
-7.2723e-14
-1.67382e-15
-3.30179e-13
1.01401e-12
5.86106e-13
-8.39583e-13
2.18173e-13
-1.4617e-14
2.76579e-13
4.18533e-13
1.07557e-13
5.04261e-15
-2.63412e-13
1.08716e-12
-3.11724e-13
-1.66321e-13
2.1311e-13
1.07937e-13
1.34061e-13
2.04892e-13
-1.32218e-12
3.56118e-13
5.77253e-13
-4.07341e-13
-1.70986e-13
7.87932e-13
7.6525e-13
4.05479e-13
-4.7523e-13
-3.72728e-13
6.74498e-13
1.81569e-12
2.51571e-13
-3.52822e-13
7.52459e-13
4.3882e-13
2.19521e-13
-9.3294e-13
9.46784e-13
5.38962e-13
1.45932e-13
-1.09127e-12
-1.66623e-12
1.98574e-13
2.78437e-13
-3.25969e-13
2.63981e-13
-1.86477e-13
-3.20088e-13
-3.48484e-13
1.28209e-13
-7.33574e-13
5.05044e-13
-1.49834e-12
-6.88459e-14
7.16841e-14
2.54999e-13
-3.92049e-13
1.11926e-12
-2.42776e-13
-1.73075e-13
-9.29244e-14
6.47919e-13
-5.30166e-14
-1.58563e-13
-1.68043e-13
-4.4501e-13
6.60149e-13
1.15117e-12
2.64192e-14
1.44902e-13
-7.76307e-13
-9.4222e-14
-2.40405e-13
8.06772e-13
4.46285e-13
-8.43008e-13
6.88054e-13
-1.69e-13
-5.28796e-13
-4.99378e-13
-8.96882e-13
-1.98926e-12
-2.17417e-13
8.64273e-14
4.08999e-13
-6.24523e-13
-8.71202e-16
-1.50951e-13
-4.91241e-13
-7.36264e-13
3.54469e-13
1.37658e-13
4.82143e-13
-7.57973e-14
3.2377e-13
-1.09918e-13
2.72161e-14
-1.66533e-13
-1.18518e-13
6.50441e-13
-6.31269e-13
-1.39693e-14
4.50451e-13
-7.13283e-13
4.64579e-13
2.14021e-13
-3.11161e-13
-9.36588e-14
5.11762e-13
-3.25345e-14
-2.25063e-13
-1.81755e-13
3.49864e-13
8.43235e-13
9.27412e-14
-2.06021e-13
-5.85035e-13
-2.93223e-12
-1.07978e-12
9.87979e-14
-1.20524e-12
-2.12302e-13
-7.02756e-13
2.91163e-13
-1.08544e-12
-1.44748e-12
1.16638e-12
-1.34804e-14
6.74038e-13
-2.55003e-13
-1.23074e-13
1.34129e-14
-1.0629e-12
4.72317e-13
1.18159e-12
-1.02369e-13
-5.89859e-14
1.28035e-12
1.22733e-13
2.37931e-13
-1.80479e-13
1.69997e-13
-1.05853e-12
1.30356e-13
-5.49459e-13
1.30191e-13
4.63667e-14
3.21016e-13
-1.49472e-13
-8.81361e-13
3.21742e-13
-2.49139e-14
-3.62891e-14
-5.26651e-13
-2.26664e-13
6.6235e-13
-4.09353e-13
9.24636e-15
9.28418e-13
-3.06914e-13
9.19338e-14
-1.54286e-13
-3.55126e-13
-9.22026e-14
1.14024e-13
8.62616e-14
1.09556e-15
-2.77998e-13
-8.29683e-13
1.71557e-13
-2.24252e-13
-1.4768e-13
-7.01868e-13
-7.82489e-14
1.25353e-13
-7.04274e-13
-2.49921e-13
4.35139e-13
-2.63173e-13
2.58103e-13
-1.03684e-13
1.09383e-12
3.88895e-13
4.27998e-13
-2.45625e-13
5.57782e-13
-2.2722e-13
1.8788e-13
-2.29964e-14
-3.65037e-13
-1.75204e-13
-5.33898e-13
-5.6042e-13
-1.05977e-13
1.44275e-12
-2.99147e-13
-4.41125e-13
-8.94808e-14
-3.65297e-13
2.56202e-13
3.74438e-16
-3.97011e-13
-5.89651e-13
9.07088e-13
1.79853e-13
2.4516e-13
-1.69201e-13
1.07046e-13
2.74322e-13
-2.70448e-13
-3.37823e-13
7.47757e-14
1.99892e-12
-1.1983e-12
-6.99589e-13
4.9307e-13
-1.65148e-13
-5.94972e-13
5.9169e-13
1.11919e-12
3.39753e-12
-1.73553e-13
-2.97705e-13
-5.83323e-13
-1.55367e-12
9.37636e-13
-1.5073e-13
-7.40211e-13
4.62929e-13
7.73192e-13
-1.56553e-12
-6.38026e-13
2.94047e-13
-5.32752e-13
1.16043e-14
1.06994e-12
-4.10178e-13
-2.39699e-13
8.73774e-13
-2.08405e-12
-6.10109e-13
1.88619e-14
2.64973e-12
2.37879e-13
-5.52898e-13
2.39213e-13
1.53523e-13
-3.55345e-13
-2.29233e-13
1.4259e-13
3.27668e-13
-5.34418e-13
1.06436e-12
8.59843e-14
-1.23612e-13
8.56301e-13
-2.17216e-14
1.06817e-13
-3.54516e-13
-1.66002e-12
1.00266e-13
-3.34081e-13
8.94975e-13
2.20776e-13
5.85631e-13
-4.61039e-13
3.63581e-13
-5.88032e-13
-2.89438e-14
-4.42906e-13
7.4649e-13
3.45193e-14
8.01351e-13
1.8372e-12
3.49216e-13
1.78556e-13
9.56014e-13
3.11859e-14
4.82993e-14
-2.90993e-13
-8.82643e-14
1.0353e-13
1.18676e-13
-2.37687e-13
1.3924e-13
3.37349e-13
-8.52882e-13
-6.66812e-13
-5.82264e-16
1.93007e-13
-2.2165e-12
-5.90101e-13
-9.93529e-13
1.27749e-13
-2.06256e-13
8.15255e-14
4.55015e-13
-6.71372e-14
6.0261e-13
-1.50756e-14
-5.46272e-13
-1.03146e-14
-3.21216e-13
-1.27257e-12
6.40992e-13
8.21673e-14
2.09563e-13
3.30861e-13
-5.9987e-13
4.69943e-13
8.71449e-13
5.4424e-13
-1.27596e-12
3.20499e-13
-1.25344e-12
1.27542e-12
8.56889e-13
1.9177e-13
7.0566e-13
3.36463e-14
5.05449e-13
7.71193e-13
1.02882e-12
2.3546e-13
-1.44358e-12
9.88555e-13
-4.34341e-13
-3.62718e-14
9.9011e-14
8.56473e-13
3.79068e-14
-8.79001e-13
-9.14204e-13
2.18389e-15
-9.67044e-14
-2.64863e-12
7.53633e-13
-3.49976e-13
-9.13231e-14
3.14202e-13
-1.90986e-13
-9.54075e-13
1.78171e-13
1.34199e-12
4.46481e-13
-1.15236e-13
-1.02765e-12
2.26184e-13
-1.42907e-13
-1.79963e-13
2.70122e-14
-6.59634e-14
-3.1867e-13
-2.36241e-13
-5.57683e-13
-1.15645e-13
4.52608e-13
-5.12387e-13
-1.40278e-13
-3.31621e-13
-7.66498e-14
-3.30485e-14
-6.72829e-14
-8.05711e-13
-3.09988e-13
6.07672e-13
-4.66234e-13
-1.6905e-12
-8.02488e-13
-1.12932e-13
3.09326e-13
-8.7842e-14
-1.05608e-12
3.06921e-13
5.91833e-13
-3.62809e-13
4.39179e-13
-1.44801e-12
1.99442e-14
1.58653e-14
-2.29598e-14
1.80267e-13
-7.04416e-14
1.04545e-13
-9.9017e-14
3.74935e-13
2.30105e-14
-2.0855e-13
-1.98406e-13
1.26116e-12
8.70619e-13
3.65212e-13
1.40463e-13
4.14435e-14
1.19499e-14
-4.04928e-13
-3.18999e-13
-7.82983e-13
4.54906e-13
1.18138e-12
1.54884e-13
5.87248e-13
1.60627e-13
4.87308e-13
7.51186e-13
4.87633e-14
1.09461e-14
-1.95346e-13
-1.67046e-12
6.67516e-14
-1.40965e-12
-5.84314e-13
1.1445e-13
4.29941e-13
-2.04107e-14
1.46166e-13
-4.32553e-14
1.09211e-12
-1.17508e-13
-2.52305e-13
-1.2725e-13
3.88845e-13
1.25113e-13
7.81542e-14
-9.64349e-13
9.53568e-13
4.26703e-13
1.16958e-13
7.41038e-13
9.36868e-13
-6.66454e-13
-5.67439e-13
-6.30128e-13
-1.09674e-13
9.46022e-13
4.29959e-13
4.85705e-13
-2.33189e-13
5.64196e-13
-6.71469e-13
8.97301e-13
6.31031e-13
9.76629e-13
-2.54894e-13
6.33382e-13
-3.13647e-13
-1.44823e-12
-5.28487e-14
1.73027e-12
6.14383e-14
-4.63787e-13
-1.38326e-14
1.52163e-13
-1.57462e-13
3.18603e-13
-1.80475e-13
4.76031e-13
-9.32535e-14
3.64326e-13
1.26098e-12
-7.01522e-13
1.775e-13
7.49934e-13
-9.36844e-13
6.91537e-13
2.59292e-13
-4.23428e-13
-4.86712e-13
-1.59015e-13
-3.41544e-13
-7.03687e-13
-6.0609e-13
-5.64153e-14
2.95033e-14
-1.21678e-13
1.92262e-13
-1.19426e-12
-1.01675e-13
1.95943e-13
-1.66924e-13
-1.01275e-12
2.06231e-13
1.36566e-13
-3.19343e-13
-3.86661e-17
-6.6934e-13
7.25819e-13
-1.20693e-13
2.18535e-13
1.91357e-13
2.75927e-13
3.86458e-13
3.9679e-13
2.82426e-12
2.36687e-15
-8.35803e-13
2.25379e-14
6.42897e-13
8.0832e-13
9.96454e-14
-5.21074e-13
-9.43837e-14
-1.32504e-13
-8.28409e-14
-5.08849e-13
-6.55782e-13
-1.16652e-13
-1.62741e-12
-7.28696e-13
4.82301e-13
-4.55213e-14
9.25688e-13
-5.34353e-13
-1.37039e-13
6.37633e-14
-4.81454e-14
-4.89857e-14
8.46262e-13
1.6317e-13
6.62556e-13
-3.88266e-13
7.72799e-13
-9.42907e-14
-4.56804e-13
-4.58097e-13
2.88661e-15
-1.04663e-12
4.35742e-13
-1.17567e-12
-3.81076e-15
9.33255e-14
4.37753e-13
-1.10403e-12
-1.39969e-13
-1.67126e-13
-5.75577e-13
2.28823e-13
6.06714e-13
7.84169e-13
-5.55298e-13
-5.16291e-14
-6.99459e-13
7.87014e-13
2.82415e-13
-2.10332e-13
5.09229e-13
5.36852e-13
-9.81888e-14
-2.78134e-13
-2.43867e-13
3.54903e-13
2.29999e-14
6.37297e-13
-7.32097e-14
-1.11181e-13
1.13542e-12
5.38397e-13
3.27766e-13
-8.48787e-13
6.56252e-13
1.68113e-13
5.34609e-14
2.59263e-14
5.74677e-13
5.05739e-13
7.07056e-13
2.16118e-13
3.73684e-14
-9.02466e-14
-4.03306e-13
5.43546e-13
-6.16482e-13
1.40376e-12
-1.73217e-14
-1.40355e-14
-6.35241e-14
-1.3802e-13
8.37223e-13
-4.83149e-13
-1.42835e-12
1.91451e-13
1.34901e-12
-7.48459e-14
-3.32349e-14
1.2263e-12
1.28046e-12
3.02079e-13
-6.23557e-13
-8.09974e-13
-3.67551e-14
1.17645e-13
1.11312e-12
1.09855e-12
-4.40707e-13
6.64393e-13
3.43975e-13
-1.8013e-14
-1.22068e-12
6.83175e-13
-1.02267e-12
4.02765e-13
-3.08457e-13
1.17034e-13
6.01142e-14
9.57082e-13
-5.38272e-13
-6.43392e-13
-2.66039e-13
-2.13222e-13
-1.88244e-13
-1.42414e-12
1.21064e-12
-9.38834e-14
-4.44218e-13
-7.26417e-14
4.17705e-13
-1.23193e-13
1.8404e-12
6.65648e-13
-1.36877e-13
-4.4418e-13
-3.53839e-13
-1.32044e-13
1.85438e-13
4.00431e-13
5.99484e-13
-3.76213e-13
-6.34561e-13
-5.99168e-13
-8.89445e-13
4.53146e-13
-1.59013e-13
-2.8983e-13
2.65273e-13
1.49517e-13
9.74941e-13
1.99926e-13
-8.59517e-14
-4.98075e-15
-1.50904e-14
-1.96402e-12
-1.10464e-12
-1.03836e-12
1.05078e-12
5.39155e-13
3.94613e-13
4.19124e-13
-4.23651e-13
5.76994e-13
2.97845e-13
4.41834e-13
-2.97882e-13
-4.5626e-14
3.57497e-13
-1.34431e-13
-1.26216e-13
9.79755e-13
-7.34861e-13
-2.96014e-13
-6.20659e-13
9.64948e-13
-4.75419e-13
-1.23799e-13
2.98151e-13
1.08321e-12
5.1326e-14
-6.23919e-13
2.65805e-15
-4.65932e-14
-2.85722e-13
-1.11292e-13
1.36108e-14
9.39242e-14
-5.7757e-14
-1.05818e-13
3.38424e-13
1.54595e-12
-3.84928e-14
2.83408e-13
1.01139e-12
5.41052e-13
-4.5072e-14
7.66911e-13
-2.04111e-13
5.15263e-14
-3.79756e-13
-8.19238e-14
-9.42699e-14
-4.55511e-13
5.20663e-13
-2.82964e-14
-3.46802e-13
-5.39363e-13
-1.3219e-13
-3.47499e-14
-9.9164e-13
1.15015e-13
-2.14887e-13
6.50143e-13
7.66012e-13
2.60728e-13
8.79281e-14
1.00426e-13
1.15868e-12
-5.62245e-13
1.31011e-12
-1.41195e-13
-3.76838e-13
-1.98299e-14
-2.14474e-12
1.60834e-12
7.47987e-13
1.72818e-13
2.7794e-13
2.74429e-13
4.26154e-13
1.90443e-13
-1.61956e-12
-1.02349e-12
-1.98283e-13
-1.07021e-12
5.78173e-13
-1.28599e-13
1.47934e-13
1.62376e-12
5.27322e-13
1.64558e-14
5.43992e-14
3.95511e-14
-6.50844e-13
2.42865e-12
1.40498e-13
8.6145e-14
2.24855e-14
-8.70026e-13
-9.65801e-13
1.92127e-13
2.18529e-13
-8.89002e-13
7.07297e-13
2.6532e-13
-3.72227e-13
-1.28058e-12
-8.14574e-13
-2.24944e-13
2.11737e-13
8.59301e-15
-2.97804e-13
-8.90671e-13
2.78417e-15
6.17604e-13
3.08733e-13
1.17952e-13
3.46516e-13
-1.10606e-12
-3.62607e-13
-3.30588e-15
1.36692e-12
-1.54261e-12
5.09954e-14
-7.35269e-14
6.37325e-14
-6.48084e-14
-3.00636e-15
-7.9336e-13
5.48819e-14
1.14759e-13
-5.1799e-13
9.0658e-13
-2.21493e-13
-3.89103e-14
1.04871e-13
-1.43824e-12
-4.43283e-13
1.12571e-13
9.97604e-13
-4.90241e-13
7.85858e-14
-1.47205e-13
-6.11478e-13
-6.76589e-14
5.51247e-13
1.8761e-13
-6.76638e-14
1.10899e-12
-7.51089e-13
-3.6321e-13
6.57846e-13
1.01378e-12
-1.69924e-13
2.84721e-13
-3.33616e-15
7.76188e-13
-8.08119e-13
3.1931e-13
-1.13766e-13
6.16608e-14
5.1593e-13
-2.98887e-13
5.43808e-13
-8.39704e-13
1.63962e-12
1.18168e-12
-2.03934e-13
-7.23133e-13
2.62223e-12
1.39014e-13
2.12675e-13
-1.74731e-13
1.39026e-13
1.37774e-13
-3.84503e-13
-2.56588e-13
1.5821e-13
1.36384e-13
1.5691e-12
-3.78449e-13
3.93851e-13
-9.1775e-14
2.01302e-13
-2.88398e-13
-5.86972e-13
-3.81858e-13
-1.43411e-12
-5.5026e-13
1.7732e-12
-4.76321e-13
-1.28684e-12
-8.46499e-13
1.84559e-13
1.4152e-13
-1.05846e-13
-1.03305e-13
-2.05882e-13
-1.05253e-13
5.18442e-13
5.24507e-13
-1.41959e-12
2.35558e-13
3.10993e-12
1.0031e-12
1.96843e-13
-1.11139e-12
1.04296e-14
1.4114e-13
6.39515e-13
2.14456e-12
5.04531e-14
9.68606e-14
-1.19548e-13
-2.70533e-13
-1.71472e-14
-3.96583e-13
9.34237e-13
-1.2502e-12
1.43789e-13
4.41328e-13
-3.54324e-13
4.87824e-15
-3.17082e-13
-1.09416e-13
6.81844e-13
1.46929e-12
1.28327e-14
2.38524e-12
-7.24313e-13
-3.40072e-13
-1.26817e-13
1.62849e-12
1.21023e-13
-1.05533e-12
1.25351e-13
-5.60386e-14
2.72693e-13
-3.51495e-13
-2.40032e-12
1.83402e-13
-1.61455e-13
1.53791e-12
2.92892e-14
-8.51328e-13
1.08203e-12
-1.94915e-13
1.42098e-13
-1.19745e-13
-8.79072e-13
4.77575e-13
1.05374e-12
9.41739e-14
-8.39118e-14
1.59524e-13
6.25286e-13
3.0117e-13
4.86851e-13
9.73879e-13
-2.08796e-14
7.246e-15
3.57764e-13
8.83659e-13
-1.1391e-14
-2.01577e-13
1.51399e-14
1.2565e-13
-3.50655e-13
5.62679e-13
8.48032e-13
-5.46648e-13
-1.4582e-13
-7.29996e-13
5.07301e-13
-7.38218e-13
4.80019e-15
-1.3212e-12
-4.86495e-13
5.90089e-14
1.63059e-13
1.78842e-13
-1.3206e-13
7.25822e-13
-6.18444e-13
2.66181e-12
1.08903e-13
-3.42607e-13
-1.36713e-13
-1.39772e-12
-5.26035e-13
5.86809e-13
-4.36449e-13
7.13938e-13
-4.05639e-14
-3.0453e-14
-5.03965e-13
2.92918e-13
-1.59055e-12
1.04245e-13
5.87562e-13
1.68397e-13
-1.85441e-13
6.94519e-13
4.84969e-13
-7.15172e-13
1.02801e-13
-5.96314e-13
-3.39897e-14
4.83425e-14
-1.35908e-12
5.87931e-13
3.43408e-13
1.26543e-12
-1.63507e-14
-2.04698e-13
-4.77067e-14
2.55433e-13
-1.14619e-13
-2.88026e-13
-2.31587e-13
4.24932e-13
6.92054e-14
-7.45238e-14
-3.72064e-14
8.92976e-14
3.35282e-13
1.2036e-13
1.2359e-12
5.33711e-13
-1.47246e-12
8.65736e-16
-1.81484e-13
-8.36177e-14
-6.8911e-13
1.05745e-12
5.80303e-14
1.21645e-13
3.75314e-13
2.89815e-13
2.88015e-14
-8.91461e-15
-2.00314e-13
-1.60854e-12
-9.02551e-14
1.0686e-12
6.82462e-14
1.18099e-12
-4.16176e-13
-9.91585e-13
5.89103e-13
6.35082e-13
8.75272e-14
5.53365e-13
2.52076e-14
9.4192e-14
6.1973e-13
-2.47028e-13
4.56663e-13
7.60134e-14
-5.53246e-14
9.65045e-13
8.9227e-13
-1.81405e-13
-1.07774e-13
-3.31424e-13
1.95925e-13
-5.03108e-14
2.00392e-13
-6.19624e-13
6.17534e-13
8.70319e-14
-1.00911e-13
3.22297e-13
-1.21781e-13
1.03035e-13
1.83125e-13
5.204e-13
-1.2935e-14
-6.21048e-15
2.50776e-13
1.74927e-14
1.47512e-12
-1.4847e-12
1.00922e-12
2.18852e-13
9.40097e-13
1.38765e-12
8.04512e-13
7.2301e-14
1.90434e-13
1.2631e-12
-1.10089e-13
-1.61771e-13
4.58873e-13
1.15979e-12
-4.06282e-13
-7.37058e-13
1.86493e-13
-9.36645e-13
5.97208e-13
9.46572e-13
-5.42231e-13
-6.32201e-13
4.28916e-13
-6.3137e-13
3.1597e-13
5.30253e-13
-1.2626e-12
-1.35836e-14
-5.50688e-13
3.62425e-13
4.49602e-15
-3.03131e-13
2.71715e-13
-1.4532e-13
4.03782e-13
3.25761e-13
7.72236e-13
3.71489e-13
1.22631e-12
4.47715e-13
-6.51928e-14
-3.06192e-13
-2.18161e-13
5.92783e-13
-2.81371e-13
-2.17523e-13
6.99986e-13
2.61118e-13
7.90734e-13
1.86791e-14
3.91975e-13
7.84304e-13
-4.08444e-13
-1.95842e-14
2.69038e-13
3.26009e-13
-7.97664e-13
-4.47618e-14
-4.07109e-13
-3.26504e-13
-1.97751e-13
-1.35595e-13
4.71917e-14
-1.66433e-13
6.46933e-13
-3.59346e-13
-3.42446e-14
-2.38797e-13
-2.57458e-13
4.89185e-13
-7.06342e-13
-5.12139e-14
-6.29574e-13
1.60029e-13
1.22856e-12
2.88708e-13
-5.10993e-13
1.08399e-12
-3.32147e-13
6.06512e-14
5.84797e-13
2.50747e-13
-6.98453e-13
-1.17743e-12
1.28533e-13
7.80869e-14
3.3679e-13
9.33823e-14
1.39862e-12
1.72735e-12
-2.37929e-12
2.5869e-13
-1.77209e-13
-4.13568e-13
-8.84691e-13
-7.50063e-13
-4.70373e-13
-5.77915e-13
2.21697e-13
-7.52412e-14
-1.33041e-12
-4.81214e-13
1.29922e-12
1.60702e-12
-9.17086e-15
1.05412e-12
2.81125e-13
2.52858e-13
-1.4012e-13
-1.66425e-13
2.13929e-12
-6.26322e-13
1.16701e-12
8.25544e-14
1.24023e-12
9.85197e-13
1.13712e-13
-1.62684e-13
7.94617e-13
-2.58138e-14
1.40766e-13
-2.99361e-14
1.02008e-12
-7.84158e-14
-2.87869e-13
8.56973e-14
-1.35517e-13
1.66232e-13
2.87639e-13
6.86609e-13
-1.99788e-12
-1.37807e-14
-2.48284e-13
-6.36377e-13
-1.9821e-13
2.7783e-13
-4.04218e-13
-9.63581e-13
2.23184e-13
1.76976e-12
1.13675e-13
-6.21264e-13
7.88408e-13
9.13753e-13
1.52968e-13
3.44093e-12
3.04458e-13
1.09412e-12
9.24185e-13
-1.43912e-13
2.93915e-13
-1.12459e-13
4.82323e-13
-1.38071e-12
1.29624e-13
7.85621e-15
5.62228e-13
-2.1174e-13
6.12094e-13
-2.85217e-13
3.06931e-13
2.17027e-13
-8.56972e-14
-5.46554e-13
5.4275e-13
1.75434e-12
-6.87216e-14
5.21422e-13
-4.83148e-13
-3.26064e-13
-1.10595e-12
6.88229e-13
2.25572e-13
6.74947e-13
2.0606e-13
-1.03043e-12
-2.63034e-13
3.8427e-13
-8.73201e-14
6.67527e-14
8.18467e-14
2.94414e-13
-1.41745e-13
6.79577e-13
-1.63665e-14
7.16017e-13
-5.68472e-13
1.61528e-12
-1.09482e-13
-1.82767e-13
-2.46563e-13
-4.65231e-13
-6.80556e-14
1.3058e-12
6.66362e-13
-6.31161e-14
-7.39396e-13
1.05805e-12
5.52137e-14
-3.31412e-13
2.06955e-12
5.97962e-15
-8.96601e-13
-4.0282e-13
4.24461e-13
5.5848e-13
-8.55769e-14
-1.2639e-12
-6.98176e-13
1.28925e-13
-2.29252e-13
-1.36881e-13
-1.32078e-12
1.2873e-12
3.60482e-13
-3.3754e-13
1.57369e-12
2.65355e-13
-2.68645e-14
-2.17532e-13
-9.50599e-13
-2.16293e-12
-3.78499e-13
-6.61004e-14
6.53449e-13
-1.56173e-12
-1.42774e-13
1.47864e-13
3.92078e-13
1.8467e-12
-1.0411e-12
4.27805e-13
1.52372e-13
2.54513e-13
1.2866e-12
-3.07957e-13
3.54335e-13
-4.55524e-14
5.8072e-13
5.55344e-13
1.11842e-12
-1.7343e-13
9.05195e-13
-5.50311e-14
3.81795e-13
5.92613e-14
-2.26787e-13
-3.89213e-13
-3.56799e-13
4.71565e-13
1.16501e-13
-1.19268e-12
2.43678e-13
-2.11378e-13
5.12885e-14
1.02908e-13
-1.01995e-12
-9.41791e-14
7.66236e-13
-9.24891e-13
5.5523e-13
-7.12292e-14
-9.13761e-13
-4.21501e-13
2.10779e-12
9.35715e-13
-5.87005e-13
-1.78097e-13
1.43051e-13
1.17074e-12
6.15292e-13
-6.9329e-13
1.41564e-13
7.84212e-14
5.49675e-13
-5.71431e-13
6.25076e-15
-6.41595e-15
-2.46003e-13
-8.86198e-14
6.29888e-13
1.74888e-14
1.31951e-13
-6.42508e-13
-1.49113e-13
2.61709e-13
-1.53205e-13
3.64561e-13
-5.63425e-13
-3.30564e-13
-5.46937e-13
-8.5457e-13
-2.21986e-13
1.74793e-13
-8.8191e-13
1.37051e-12
4.79786e-13
-6.29673e-14
-4.78905e-14
-6.33853e-13
-5.17551e-13
9.99138e-14
-2.63011e-13
1.18848e-12
1.0407e-15
-9.35295e-13
2.0033e-12
2.02048e-12
1.59374e-13
4.93581e-13
2.67747e-12
8.75027e-14
2.0381e-13
-1.15092e-13
1.86464e-14
4.5694e-13
-2.88372e-14
-1.02922e-12
-3.27571e-13
2.31712e-13
4.1983e-13
-7.06781e-13
-3.1941e-13
5.09265e-13
-9.92867e-15
-2.05453e-13
-1.91934e-13
-5.05195e-13
1.0273e-12
-3.39021e-14
-5.43986e-13
6.53291e-13
2.97182e-13
5.76122e-13
9.83392e-13
-1.05463e-13
1.05812e-12
2.04548e-12
1.63065e-13
-1.0742e-13
5.29254e-14
4.21865e-13
8.97362e-13
-1.93417e-13
3.56262e-13
-8.93318e-13
4.83648e-13
-2.48607e-13
8.63792e-13
3.755e-14
-7.12784e-13
3.81653e-13
-1.92447e-14
-1.19699e-13
-5.26801e-13
3.86451e-14
-9.93041e-13
-1.06857e-12
2.88887e-13
6.9009e-13
5.22057e-13
-1.59062e-13
-5.46136e-13
9.94371e-13
-6.31378e-13
2.62096e-14
7.71378e-13
-4.7779e-13
-6.82691e-13
-7.54082e-14
1.68966e-13
-5.69557e-13
-3.57806e-13
-1.57666e-12
-6.7474e-14
-5.15669e-14
-1.10227e-13
-1.70648e-13
1.17448e-13
1.37624e-13
2.08165e-13
-4.7422e-13
-2.31763e-12
7.28716e-13
-2.13727e-14
1.12133e-13
-3.72784e-13
5.53442e-14
-6.7513e-13
-6.46817e-13
7.69507e-14
-2.11664e-13
-1.75517e-12
3.11259e-13
-5.65927e-14
-4.45849e-13
-2.56173e-13
-5.32032e-14
-4.37484e-13
3.3925e-13
-6.71537e-13
-6.15864e-13
1.31202e-12
1.94468e-14
1.67817e-13
-1.26465e-12
-1.7545e-14
-7.22372e-14
-1.33542e-13
1.03964e-12
-1.47767e-13
5.81292e-14
-1.17341e-13
-1.34351e-14
9.70958e-14
-2.47456e-13
-1.23283e-12
-1.07077e-12
3.67666e-13
5.02483e-13
-3.25164e-14
7.94264e-13
5.04079e-13
-9.00955e-13
-1.75701e-12
-6.78769e-13
-3.4182e-14
7.28244e-13
-4.81458e-13
8.97678e-13
-1.25495e-13
-4.15664e-14
-1.94265e-13
4.7978e-13
7.01307e-14
-2.05364e-13
-8.09737e-13
-7.82175e-13
-3.20114e-13
-1.46274e-12
-1.30971e-12
-2.36163e-13
-2.31295e-13
-4.4962e-14
2.98874e-13
-1.17637e-13
1.71071e-13
-1.58047e-12
-4.96577e-13
5.5174e-13
6.32946e-13
-7.0163e-13
2.04506e-13
-1.81191e-14
5.06299e-13
8.19885e-13
-6.45081e-13
-1.89655e-13
-7.43326e-13
9.50696e-13
2.52024e-14
-8.39607e-14
-9.23959e-13
2.84284e-13
-6.65892e-14
5.91302e-14
8.06202e-13
7.25438e-14
7.75525e-13
6.04812e-14
1.16263e-12
6.14926e-13
-1.19954e-13
-4.91264e-13
2.89121e-13
1.23525e-13
2.22334e-12
7.1171e-15
1.49461e-13
3.367e-13
-4.82344e-15
3.18655e-14
1.27286e-12
1.2011e-12
-6.10796e-13
2.4892e-13
5.66618e-13
5.90706e-13
-1.24991e-12
-3.25748e-13
-1.62439e-14
1.05252e-13
1.86449e-13
-6.5907e-13
1.17351e-13
3.88197e-13
-6.37217e-13
4.65549e-14
-6.36406e-13
-1.01982e-12
4.15478e-13
1.11123e-13
3.27677e-13
6.20807e-13
1.44406e-12
-7.9717e-13
-9.51775e-13
7.64962e-13
4.46204e-14
-5.32342e-13
2.28478e-12
1.42052e-14
6.76043e-13
9.25075e-13
6.55186e-13
-1.94891e-13
-7.6227e-13
-9.55013e-14
2.52516e-13
-1.89856e-14
-5.87139e-13
-1.7634e-13
4.51157e-13
7.69011e-13
3.11588e-13
2.11643e-13
-1.88444e-13
5.72988e-14
2.72595e-13
-6.75112e-13
-3.35766e-13
3.35417e-13
-8.69652e-13
2.68302e-13
3.38311e-14
-1.02038e-12
-8.25162e-13
1.86512e-14
-4.69608e-14
-3.47159e-13
-8.25939e-13
1.10435e-12
8.15955e-13
3.52305e-13
5.07264e-13
-1.57186e-13
-5.98132e-13
2.42416e-13
1.01692e-13
9.37314e-14
5.36567e-15
4.06621e-13
5.41885e-13
1.9794e-12
-8.39596e-13
-3.57817e-13
1.59508e-13
-1.64159e-13
-1.28049e-12
-6.22802e-13
-3.79732e-15
1.33406e-13
2.28559e-13
-2.96814e-14
-1.89615e-12
6.16788e-13
-8.76834e-13
-2.8255e-13
8.99106e-13
-1.20824e-14
-5.55233e-13
-1.85911e-13
3.56311e-13
6.18821e-13
9.13075e-13
-5.01647e-13
-1.80942e-13
-4.06207e-13
-8.4654e-13
-1.9136e-12
2.66688e-13
1.33258e-13
5.32798e-13
-1.43716e-12
8.62961e-13
4.01628e-13
2.98149e-13
-1.35061e-13
2.12319e-13
-7.52192e-13
-5.33892e-14
7.78264e-13
1.38584e-13
-4.63081e-13
-2.98412e-15
1.1288e-12
-6.67508e-14
5.67912e-14
-4.06666e-13
6.15164e-14
-1.16094e-12
3.11243e-13
1.39175e-13
-5.70045e-13
-2.27994e-13
1.49041e-12
-8.29417e-13
-3.37093e-13
4.13356e-14
-7.43151e-13
6.6764e-14
-1.80195e-12
1.46359e-12
3.54049e-14
-7.52082e-14
-1.46471e-14
3.52023e-13
5.65039e-13
4.02122e-13
-9.53317e-13
-6.34635e-14
6.72504e-13
4.64771e-13
4.04036e-13
-7.29144e-16
-3.54701e-13
-6.7021e-14
1.36216e-12
-2.05577e-13
-4.3375e-13
2.53278e-13
1.23665e-14
-6.58747e-13
-3.82518e-13
-3.46577e-13
-9.8377e-13
-7.60122e-13
8.71504e-14
1.00156e-12
9.28459e-13
-1.10052e-12
-1.98972e-13
9.328e-14
-2.68963e-15
1.53011e-12
-1.22964e-13
1.00351e-12
1.03581e-13
-6.95571e-14
-9.7917e-13
1.1191e-14
-8.9856e-13
1.13803e-13
1.54215e-13
-6.90446e-13
-3.50085e-14
2.21384e-14
3.46343e-13
-5.02384e-13
-2.98277e-13
1.33706e-12
-7.74788e-13
2.8687e-13
5.76635e-13
-1.29553e-14
1.84324e-13
5.60104e-13
-1.16414e-12
8.79543e-13
-9.35889e-13
1.40903e-13
8.06093e-13
1.94402e-13
-1.26173e-13
-3.79363e-13
-1.11218e-12
-3.98625e-13
4.64482e-13
1.44708e-13
-5.62392e-13
-8.31386e-13
1.21161e-14
8.97634e-13
-5.43236e-13
-8.76688e-13
2.05785e-13
8.92624e-13
-8.10862e-14
-2.05352e-13
-3.45361e-13
-4.7633e-13
2.68152e-13
-1.25968e-13
-6.74969e-13
6.07045e-13
4.31175e-13
1.09503e-12
1.21378e-14
-6.99062e-13
1.93626e-12
1.23095e-12
-3.86609e-13
4.81002e-13
-9.04568e-13
8.02308e-13
1.54061e-13
5.7529e-13
-5.89757e-14
3.4822e-13
1.23947e-13
2.9234e-13
-2.11364e-13
-3.18864e-13
-5.4159e-13
4.95655e-13
4.67359e-13
-5.84705e-13
-7.71119e-13
1.11425e-12
-1.91104e-13
4.50751e-13
-1.66221e-13
-5.46735e-13
-7.78788e-13
1.21238e-12
-2.44442e-13
-1.56938e-13
1.72469e-12
-1.84486e-13
-1.28782e-13
4.15105e-14
-1.30951e-13
-8.63364e-13
-8.96601e-13
3.14698e-13
5.7405e-14
2.5898e-13
-1.87142e-13
3.94626e-13
7.57619e-13
7.84638e-14
6.14064e-13
1.77222e-13
3.6711e-13
7.53829e-14
-2.984e-13
1.46866e-12
-5.74609e-13
6.97363e-14
6.72557e-13
-4.73771e-13
-1.70638e-12
1.16312e-13
-6.55793e-13
8.18802e-13
-8.80535e-13
-7.69811e-13
-5.20631e-13
-1.2489e-13
1.39834e-12
-2.90187e-13
3.12341e-13
6.41301e-13
-8.49161e-13
-2.0308e-13
1.30268e-12
-1.72779e-13
8.08565e-14
3.44906e-14
-8.72063e-14
-5.69255e-13
1.19117e-12
-4.53803e-13
-4.7945e-15
-1.1224e-12
-1.09704e-13
-5.14765e-13
-9.43405e-13
1.13854e-12
-1.38031e-12
-7.8936e-13
-1.01395e-12
5.53271e-13
-3.17822e-13
1.06554e-12
-2.85482e-13
1.24874e-14
1.93295e-12
1.95742e-13
-2.94342e-13
-7.05795e-13
-5.53494e-13
1.90382e-13
-9.89526e-13
-1.31669e-13
-5.76904e-13
3.6338e-13
-9.97585e-13
4.90831e-13
-2.13284e-13
-1.71527e-12
-6.27741e-13
4.80173e-13
-8.2025e-14
3.66282e-13
-7.2606e-13
3.52418e-13
-4.67574e-13
-1.3752e-12
9.89573e-14
1.26034e-13
7.51711e-13
-5.7193e-13
4.01386e-13
-2.55002e-13
5.43736e-13
3.29644e-14
1.02439e-12
1.91238e-15
-7.58232e-13
-1.23071e-12
-1.52616e-12
-1.13136e-13
6.5575e-13
4.84293e-13
1.76581e-13
-7.07073e-13
1.48638e-13
-2.09048e-12
-5.79274e-13
2.55018e-13
-4.27756e-13
-1.46576e-12
1.70238e-13
7.56711e-13
8.05439e-14
3.11972e-13
-6.8049e-13
5.20322e-13
-2.21694e-15
-1.04737e-12
-6.26533e-13
-2.89751e-13
5.65588e-14
-1.38866e-12
4.61724e-13
-9.47264e-13
-6.94974e-13
2.96772e-12
-3.7241e-13
8.54488e-13
1.01127e-14
-3.74158e-13
4.34609e-13
-2.75423e-13
2.04103e-13
-3.62563e-13
1.31003e-13
-1.58053e-13
4.49873e-13
2.7344e-13
-2.01195e-13
1.38331e-12
-5.7633e-14
-1.09125e-12
3.0541e-13
-3.06162e-13
-1.57e-13
-3.95717e-13
-1.14604e-13
2.13202e-13
6.46603e-13
2.30011e-13
9.50882e-13
-1.92071e-13
-3.10128e-13
8.28957e-13
9.75984e-14
4.67867e-14
-1.89794e-14
-6.12554e-13
-9.69284e-14
-4.39495e-13
4.80214e-14
1.33246e-12
6.44287e-13
5.68755e-14
6.49607e-14
-5.00144e-13
-1.06594e-12
-1.27039e-12
4.42219e-13
2.6921e-13
1.20078e-12
5.36201e-14
3.05564e-13
1.81925e-13
2.02293e-12
-4.17741e-13
1.92487e-12
-2.82927e-13
1.05469e-12
-5.74843e-13
-1.52197e-13
1.35503e-13
-9.31473e-14
6.09281e-13
9.92537e-14
-1.12795e-13
5.22904e-13
-4.52039e-13
4.30585e-14
1.22603e-13
-1.76254e-13
5.17556e-15
1.41564e-12
-1.71498e-13
-2.23644e-14
1.29861e-13
-9.71535e-13
4.45716e-13
-9.17531e-13
4.19763e-13
-8.85301e-14
-1.55401e-12
7.10216e-14
1.54825e-13
-1.12033e-13
1.49285e-12
1.67119e-13
-5.10011e-13
9.86252e-13
-9.6015e-13
1.31425e-13
2.73771e-13
2.98177e-13
-7.94741e-13
-1.05925e-12
-3.49054e-13
-6.93495e-14
1.113e-12
-1.93241e-12
1.0693e-12
-1.53102e-12
-7.13181e-13
-2.05851e-13
-1.89864e-12
5.28656e-13
1.56984e-12
-2.3787e-13
-2.91367e-13
8.71556e-13
2.55535e-13
4.51787e-14
3.06934e-13
3.03606e-13
-9.7593e-14
-9.75735e-13
9.80514e-13
-9.12736e-13
-3.08372e-14
5.48932e-13
-9.91164e-13
5.7736e-13
-7.40286e-13
-6.43732e-13
-1.84375e-13
-7.45187e-14
5.22428e-14
6.21361e-13
-8.39856e-14
1.43658e-12
-7.36964e-13
1.43464e-13
-6.46123e-13
6.50644e-13
8.44844e-13
1.16877e-12
1.24771e-13
2.95391e-14
1.10179e-12
-4.78804e-14
2.04825e-13
4.52276e-13
1.60647e-13
-2.20615e-13
-1.02295e-12
2.4297e-13
4.3938e-13
8.08163e-13
-7.42185e-13
1.17694e-12
-3.42937e-14
4.63003e-13
-2.40356e-14
8.09287e-13
-2.70045e-13
-1.40003e-14
-2.12018e-13
-9.17802e-13
-5.9759e-13
3.31818e-13
-1.26197e-13
-5.03513e-13
1.02295e-12
-2.61368e-13
7.57767e-13
2.32824e-12
-8.94938e-14
-8.34142e-14
1.35696e-12
1.24226e-13
-1.35777e-12
-1.5475e-12
1.20712e-12
-1.15188e-14
-1.14306e-13
2.50306e-13
1.88036e-14
7.4726e-13
1.19412e-12
-1.08317e-13
6.82543e-13
-2.81874e-13
1.11252e-12
-2.41277e-13
2.37104e-13
-9.25032e-13
4.98421e-13
1.20029e-14
1.95547e-12
-1.2014e-12
1.10201e-14
9.37721e-13
5.97603e-14
-3.7105e-13
1.26744e-13
-3.85861e-13
7.71018e-13
3.83796e-15
4.58414e-13
-2.22413e-13
6.57011e-13
-3.57558e-13
-9.5853e-13
2.89658e-13
-3.19814e-13
-7.79876e-13
2.63079e-13
-4.02166e-13
-1.47333e-12
-3.62334e-14
1.0945e-12
-1.99817e-13
-1.72543e-12
-5.05997e-14
8.59397e-13
-1.90941e-12
-3.51736e-13
-2.22266e-13
-6.92762e-13
4.77527e-15
6.27228e-13
-2.50313e-13
-1.28595e-14
-1.47591e-14
-5.26052e-13
-7.50991e-13
-9.44609e-13
-6.24586e-13
1.16686e-12
-1.11622e-12
2.60808e-12
-1.317e-13
-1.14306e-12
-2.55373e-13
9.44683e-14
-4.60699e-13
-1.76948e-13
2.32841e-13
4.03491e-13
1.94231e-13
-3.67232e-13
1.30889e-12
8.41842e-14
3.92423e-13
1.04152e-12
-2.72736e-13
1.78206e-13
-4.36931e-13
5.44512e-13
7.14773e-14
-1.0722e-13
-1.16462e-13
1.51708e-12
7.99163e-13
4.30359e-14
3.53057e-13
2.33651e-14
8.90039e-13
-4.18603e-13
-1.01579e-13
1.42697e-12
-5.55985e-13
-2.66034e-13
5.80373e-13
7.50945e-13
4.00698e-13
-7.9929e-14
-5.44864e-13
-3.53484e-13
-1.44842e-14
4.47352e-13
-7.56983e-13
6.21961e-13
-1.8702e-12
-4.31181e-14
-3.00722e-13
-4.46284e-13
-1.58265e-12
3.27799e-13
-9.11307e-13
-1.79948e-13
1.44398e-12
8.90544e-14
-3.90781e-14
-3.37307e-13
-4.35604e-13
3.15976e-14
1.02309e-12
-9.0795e-13
-4.52958e-13
-4.31691e-13
-2.85072e-13
-6.66614e-13
4.0873e-13
2.9108e-14
-4.3149e-13
-1.74612e-12
4.79784e-13
5.00691e-13
-3.51248e-13
8.64925e-13
8.76245e-13
1.77908e-13
-8.12748e-13
-6.46617e-14
-2.33829e-12
-3.65155e-13
-3.32446e-13
5.21112e-13
-1.27245e-13
-1.93368e-13
-3.04284e-13
-1.08389e-12
-1.9191e-13
-4.40531e-13
3.63802e-13
-6.2665e-14
-1.96058e-13
1.77714e-13
-4.34521e-13
-4.23507e-13
-4.94354e-13
-5.6393e-14
-3.10281e-13
7.7847e-13
3.92742e-13
-1.22463e-13
-2.49438e-13
-4.39631e-14
-1.01613e-12
5.62911e-13
6.03728e-13
-1.41458e-13
3.70669e-13
2.50202e-13
-7.281e-14
3.87007e-16
1.30753e-14
3.28378e-13
3.76977e-15
2.11671e-13
-2.38345e-12
-3.10131e-13
-3.56278e-13
-1.2605e-14
7.8053e-13
-2.35758e-13
-5.86258e-13
9.64216e-13
1.31239e-13
-1.37455e-14
5.56864e-13
-6.9858e-13
5.54542e-13
-1.15294e-13
-2.20231e-13
-2.11384e-14
-1.0045e-13
-3.82243e-13
3.23872e-13
3.94413e-13
9.33877e-13
-1.22504e-13
9.27678e-13
6.28181e-13
-1.18832e-12
9.7813e-13
-6.51157e-15
-4.01971e-13
3.40833e-13
-8.25598e-13
-1.87848e-13
9.93732e-13
-8.82308e-14
4.96745e-13
1.50227e-13
-6.69829e-13
-1.25281e-12
-1.98264e-13
8.07244e-13
3.56174e-13
-3.49642e-13
-7.06604e-13
-2.05023e-13
-2.46083e-13
1.25041e-12
7.96771e-14
-4.15688e-14
-8.11766e-13
-4.35623e-13
1.17098e-12
-2.58534e-14
-2.23049e-13
-4.65222e-14
-9.54549e-13
7.59107e-13
-3.96931e-13
-4.82368e-13
3.74256e-13
2.72197e-13
2.66887e-13
-1.2049e-12
2.92802e-13
8.03842e-13
1.28652e-13
1.67854e-13
5.77042e-13
3.09641e-13
-2.06393e-13
1.99416e-13
-6.17764e-13
-2.29088e-13
-3.33999e-13
-1.88388e-13
1.0856e-12
6.10902e-13
1.14752e-13
-1.79676e-13
3.77546e-14
5.1811e-13
6.32307e-13
-9.15974e-14
1.03465e-12
3.07763e-13
1.40309e-13
-5.64216e-13
-2.37953e-13
3.57318e-14
-1.59036e-13
-8.93782e-13
-2.08758e-13
3.37944e-14
-1.08989e-13
1.13115e-12
1.18019e-12
-4.10906e-13
2.88742e-13
2.0974e-13
3.03853e-13
-2.63948e-13
-4.55244e-13
6.24469e-13
9.95593e-14
-4.05806e-13
-1.23798e-12
-7.72035e-13
9.55348e-13
6.28756e-13
-3.6162e-14
2.67808e-13
-2.23287e-13
-6.58113e-13
-3.57577e-13
-2.55864e-13
3.82954e-13
1.02855e-12
-5.02513e-13
3.05963e-13
1.08087e-13
-9.88405e-13
-4.21716e-13
-5.70533e-13
4.10399e-14
8.50496e-13
4.0122e-13
-2.24603e-13
-9.77352e-13
2.81347e-13
-3.55516e-13
1.51961e-12
2.20292e-13
1.47305e-13
-1.29836e-13
-1.36774e-13
3.33717e-13
5.88243e-13
-1.63099e-12
-2.1835e-13
5.83039e-13
-7.11855e-13
4.54896e-13
-3.92681e-13
4.48394e-13
5.96391e-14
-5.06955e-13
-1.20879e-13
-6.4147e-13
-2.74976e-14
8.52932e-13
-6.84799e-13
3.81088e-13
-1.22146e-12
-8.15185e-13
2.58982e-13
6.96928e-13
1.3774e-12
3.34088e-13
3.10232e-13
3.33522e-13
1.56417e-13
1.69337e-12
1.08659e-12
-2.23177e-14
8.46622e-13
-2.54537e-13
5.04581e-14
6.71783e-14
-2.27569e-13
4.60372e-13
-2.98134e-13
1.17504e-12
9.20615e-14
-4.96584e-13
2.08652e-13
1.10021e-12
-1.06115e-12
-5.93425e-13
6.02617e-13
2.47088e-13
-2.01316e-13
9.21017e-13
1.289e-12
-7.8398e-13
4.21251e-13
-2.9959e-14
1.14314e-12
6.04234e-14
7.30574e-13
5.28663e-13
4.09348e-14
-2.86352e-14
1.51017e-13
-7.34304e-14
-1.76736e-13
7.37886e-13
1.63785e-13
-6.2768e-13
1.27928e-12
6.50869e-13
6.26276e-13
-1.02031e-12
-5.7737e-13
1.25536e-12
-3.20924e-13
1.02095e-13
-2.05882e-13
-3.79863e-13
7.48683e-13
4.62655e-14
-6.17167e-13
-1.28656e-13
5.60207e-14
9.20864e-14
4.68347e-13
1.51467e-15
1.97872e-13
2.75244e-13
5.13459e-14
8.62043e-13
6.23931e-13
-8.24585e-13
9.20747e-13
2.17733e-14
-4.02728e-13
-4.83707e-13
1.98344e-13
1.14045e-12
-2.05282e-13
-1.34109e-12
7.83244e-14
1.37055e-13
9.54913e-13
-1.93516e-13
-2.71879e-14
-8.22792e-13
-4.82845e-13
-4.19078e-13
8.99098e-14
-1.14871e-12
8.52151e-13
1.65414e-13
-2.15441e-12
-2.85648e-13
-7.52919e-13
3.227e-13
-6.19038e-13
-1.02401e-13
-1.71079e-13
1.46556e-12
-2.53373e-14
-1.09373e-12
2.93856e-13
4.51932e-13
-8.61554e-13
-1.32749e-14
-2.39361e-13
-4.9758e-14
-2.52035e-13
3.65528e-13
1.24709e-12
4.06543e-14
2.29571e-13
1.61055e-12
1.16688e-13
-1.43329e-12
-5.85489e-13
-1.70523e-13
-4.0497e-13
3.65129e-13
5.9741e-13
-2.58484e-13
-7.89152e-14
4.69203e-14
7.24196e-13
-5.68656e-14
1.92069e-12
2.48307e-13
5.80933e-13
-3.63918e-13
-8.73567e-13
-1.84302e-13
1.39766e-13
8.43622e-13
7.48938e-14
5.31353e-13
-4.027e-13
-3.12163e-13
6.91285e-14
1.05448e-12
-1.36765e-12
-1.1889e-13
2.04367e-12
2.22076e-13
-1.58379e-13
-5.49615e-13
-2.44143e-13
-2.4352e-12
5.00312e-13
-1.18843e-12
-3.00216e-13
-3.06935e-13
-8.17127e-13
1.32462e-12
1.01086e-13
2.48489e-13
-4.66971e-14
-1.96714e-14
2.44972e-13
-1.55324e-13
-8.70965e-13
-1.56127e-12
-3.0546e-13
3.52425e-13
-6.17191e-13
6.66953e-13
2.33296e-13
7.34007e-13
3.87519e-13
-1.20658e-13
-2.9152e-13
6.13748e-13
-3.64041e-15
-5.71363e-13
4.64748e-13
-6.37057e-13
2.04865e-13
-1.41442e-13
-4.64709e-13
-2.77714e-13
1.45441e-13
4.4254e-13
3.11067e-13
-1.15694e-12
-1.27834e-12
-8.72016e-15
-5.57606e-13
-5.81046e-13
-1.23087e-13
-2.61982e-15
4.79297e-13
4.69403e-13
6.685e-13
1.77204e-12
-1.57707e-13
1.06139e-13
-8.11752e-13
-2.79033e-13
2.32442e-13
1.19875e-12
-2.65685e-13
-4.7637e-13
2.3939e-13
-2.82985e-13
-5.98199e-14
-1.36553e-12
1.03833e-12
-5.33207e-13
-3.02884e-13
-7.09918e-13
-4.09433e-13
-5.22875e-14
7.33345e-13
1.0451e-12
2.62994e-12
-2.27258e-13
2.89814e-12
-4.77149e-13
-6.11207e-14
3.04431e-14
8.87299e-13
4.40618e-13
-1.11583e-12
3.43576e-13
-8.19241e-13
8.30337e-13
2.77004e-13
3.02918e-13
9.7712e-14
7.0481e-15
4.44794e-13
-4.96309e-13
3.27789e-13
2.96232e-13
3.90858e-13
1.97792e-12
-1.50393e-13
-1.23929e-14
-2.51335e-13
-1.0048e-12
-1.04605e-12
1.03773e-12
-1.13176e-12
-6.79057e-14
-2.53945e-13
3.56942e-13
4.40384e-13
1.20788e-12
-1.43087e-13
7.8592e-13
-3.54822e-13
-8.07909e-13
-3.34721e-13
-4.01586e-14
-1.61338e-12
2.13682e-13
-1.63258e-13
3.93683e-13
3.83556e-13
-2.47405e-14
-7.46598e-14
9.82666e-13
-4.76391e-13
-2.37642e-13
-2.21109e-13
4.16985e-13
2.55728e-13
-1.56367e-12
-9.76373e-13
3.08033e-13
6.524e-13
4.90295e-13
-5.64064e-14
1.76954e-13
-9.05685e-13
5.77215e-14
6.11451e-13
-1.41728e-12
7.31116e-13
4.57939e-13
-1.77341e-13
1.97006e-13
1.94251e-13
1.63144e-13
3.65104e-13
1.05755e-13
-1.88825e-13
5.51322e-13
1.73379e-13
1.73056e-13
-3.15608e-13
-8.43588e-13
4.57057e-13
-1.8614e-12
-5.49452e-14
7.61384e-13
-2.61843e-13
5.70366e-14
-2.29003e-13
-2.99171e-13
-2.26432e-13
-9.39202e-13
1.94374e-13
2.30258e-13
-1.511e-13
-6.15223e-13
2.42993e-13
1.00746e-12
-1.64166e-14
-9.77466e-13
-4.70203e-13
5.07724e-13
-6.26218e-13
3.35013e-14
1.44072e-13
3.37752e-13
7.80477e-13
-5.15813e-14
-1.42775e-14
3.84542e-13
5.54367e-14
-1.66784e-13
1.03557e-12
9.60459e-13
-1.25155e-13
-2.42357e-14
6.34061e-13
-1.37773e-12
1.1162e-13
-1.01021e-13
3.95203e-13
4.13368e-13
-6.28829e-13
-3.64891e-13
2.676e-13
1.39981e-13
-7.0221e-13
1.49974e-12
1.0243e-12
9.73975e-13
-9.98782e-13
4.63869e-13
-5.45336e-14
-2.64001e-13
1.53755e-13
-5.58226e-14
-1.19011e-12
3.62066e-14
5.3541e-13
-7.00213e-13
6.37389e-13
6.15723e-13
-4.83517e-13
-1.67816e-13
1.83188e-12
4.75259e-13
1.62599e-13
-2.26347e-13
-2.82892e-13
-1.5118e-12
-6.35031e-13
-8.49183e-14
-2.15599e-12
-1.1808e-12
7.85491e-14
-9.15775e-14
1.00281e-13
-6.53779e-13
1.00394e-12
3.18131e-13
-2.48794e-14
1.65512e-13
-9.82964e-14
1.06229e-12
-1.08009e-13
-2.09757e-13
3.68074e-13
7.26439e-13
2.20034e-13
-5.12733e-14
-6.52935e-13
-2.12003e-12
6.94853e-13
2.72693e-13
-3.70466e-13
1.16158e-12
4.82167e-13
3.75114e-13
4.79711e-13
1.31104e-12
5.19353e-13
7.52813e-14
-6.18046e-13
2.3733e-13
2.71422e-13
7.81952e-13
4.17398e-13
3.62545e-14
2.3247e-13
1.42424e-13
1.00997e-12
-1.17087e-12
6.99922e-13
1.26509e-13
-1.48398e-12
-3.98158e-13
1.22003e-12
8.54572e-13
-1.45299e-13
2.14872e-13
-9.16622e-13
6.63236e-13
6.33582e-13
3.02303e-13
-1.55346e-13
5.18868e-14
-3.98486e-14
-5.39979e-13
4.52615e-13
-1.43309e-12
-1.03775e-12
2.52054e-12
-1.71494e-13
-5.95424e-14
6.00764e-13
-1.55111e-13
-5.73473e-13
1.32226e-13
-1.99955e-13
-1.08878e-12
7.36904e-14
-1.59639e-13
3.87284e-13
-5.02345e-13
1.8662e-13
4.43162e-13
-9.63404e-13
-1.35527e-13
-6.36834e-14
8.78312e-13
6.96092e-13
-2.35641e-13
1.29103e-12
6.16935e-13
-3.18569e-12
1.28965e-13
-2.50979e-13
2.63791e-14
1.18419e-13
3.15203e-13
5.89278e-13
-1.1359e-12
1.22418e-12
3.76055e-14
-3.15962e-13
-2.89842e-13
8.03867e-13
9.72004e-13
9.68935e-13
9.13334e-13
-1.03084e-12
1.48328e-12
1.89992e-14
-3.15666e-13
-7.86685e-13
1.15388e-13
4.35866e-13
-3.99457e-14
3.01035e-13
1.66042e-13
4.87709e-13
-1.088e-14
2.06071e-12
1.51414e-12
-8.07693e-13
-1.19649e-12
-1.37466e-12
4.705e-13
-2.44767e-13
-7.08569e-13
1.2856e-12
7.06457e-13
3.34392e-13
-2.13064e-13
6.30117e-13
7.42624e-13
-1.05348e-12
5.05958e-13
-4.98135e-13
-5.81479e-13
1.40101e-12
-8.83632e-13
6.29268e-13
-1.48122e-13
-3.2614e-14
-6.19987e-13
4.7263e-13
1.41794e-12
7.56753e-13
-5.21665e-13
-9.12775e-14
-1.15577e-14
6.45212e-13
1.55915e-12
-6.9656e-13
-2.9585e-13
-4.71189e-13
1.05654e-13
1.45054e-13
-4.9262e-13
1.55253e-13
-4.11587e-13
1.2142e-12
6.63135e-13
-7.93528e-13
1.76615e-13
-7.24182e-13
-4.01063e-13
8.89114e-14
4.8024e-13
4.34224e-13
8.30106e-13
-4.58771e-14
1.00497e-14
-4.34394e-13
5.12517e-13
-1.93716e-13
-2.23296e-13
4.06342e-14
2.90716e-13
6.53678e-13
1.40033e-12
4.7963e-13
1.30115e-13
9.12019e-13
-5.97006e-14
1.3527e-13
-1.43764e-13
-3.25442e-13
-3.34952e-13
2.53864e-13
-5.19838e-13
-1.25091e-12
-3.64716e-13
3.49615e-13
3.86463e-14
1.75718e-12
-4.93928e-14
-6.09666e-15
1.64568e-12
-4.10823e-13
-8.9632e-13
-4.95274e-13
4.76957e-13
-2.83216e-13
4.01007e-13
2.83783e-13
-1.03078e-12
1.24799e-12
1.0785e-12
-2.19255e-13
1.08806e-12
-1.09369e-13
3.11069e-13
3.29024e-13
-2.10444e-13
-1.71002e-12
1.70626e-13
6.46904e-13
3.09206e-13
1.56521e-12
-1.75254e-13
1.11438e-12
-4.21234e-14
-1.91576e-13
-2.2188e-12
-5.2804e-14
-2.24839e-13
-5.99707e-13
-4.70497e-13
1.95564e-13
-5.13395e-14
-6.26772e-13
-1.78823e-14
2.9147e-13
7.11782e-13
4.95878e-13
1.24537e-13
6.60106e-13
1.38874e-13
1.48198e-14
1.24345e-12
-4.17463e-13
-1.13697e-14
-7.23037e-13
-3.12318e-13
5.83314e-13
7.81716e-13
7.62865e-13
-5.24574e-13
-2.02619e-13
3.54308e-13
-1.66733e-13
-1.48904e-12
-4.52331e-13
-6.42567e-14
-7.20967e-13
-7.52953e-13
-9.6696e-14
3.10163e-13
-3.95733e-13
1.88527e-14
7.00395e-14
-3.29157e-13
4.56842e-13
1.49387e-14
8.44435e-13
-8.67071e-13
-4.0812e-13
5.79001e-14
-2.65996e-13
-1.69298e-13
7.84e-13
2.09135e-13
-1.23391e-12
-1.40779e-12
-8.3067e-13
4.96345e-13
2.54378e-13
1.44407e-13
-7.52532e-13
1.91718e-13
-4.90633e-14
3.10742e-12
-1.40093e-12
-9.37936e-13
2.19685e-13
4.80291e-14
7.28635e-13
-1.78493e-12
9.81413e-14
7.95162e-15
-5.90053e-13
2.26087e-13
-1.05689e-14
-6.10845e-13
-7.59584e-13
1.78024e-13
-6.52096e-13
-3.804e-13
2.7737e-13
-5.98166e-13
-2.29121e-13
-2.57771e-13
2.22707e-13
4.56863e-14
-1.26039e-13
8.462e-13
-1.48302e-12
2.6948e-13
-1.21103e-12
-3.30406e-13
-5.32079e-13
2.3276e-12
6.20936e-14
-7.79597e-13
-2.50772e-13
-6.77816e-13
2.59355e-14
5.19118e-13
-2.47797e-12
-2.31503e-13
-5.63265e-13
-6.8747e-13
-1.70992e-13
-7.46363e-13
6.6132e-13
-2.85274e-13
-1.06449e-14
-2.77765e-13
1.69727e-14
-7.12449e-13
-7.1386e-13
-3.42933e-13
-4.24025e-13
-5.12796e-13
-8.55742e-13
-1.22717e-13
-7.63499e-13
7.27769e-13
-1.34909e-13
-7.04424e-14
7.92804e-14
6.05583e-13
2.31091e-13
-9.73827e-13
-1.0109e-14
6.69717e-13
5.30687e-13
-2.31219e-14
-4.15586e-13
-1.13709e-13
-2.4744e-13
2.0849e-13
-6.2984e-13
-8.28734e-13
-2.85714e-13
-3.79298e-14
1.47718e-13
-1.21517e-13
-3.62623e-14
-2.47918e-14
6.33522e-14
1.11594e-12
-1.24276e-12
7.51833e-13
-2.76095e-13
2.48042e-13
-1.57549e-13
-6.63514e-13
4.90579e-13
3.95948e-13
-2.18253e-13
-5.91845e-13
2.22886e-12
1.38729e-12
1.70118e-14
2.72933e-13
8.49616e-13
8.78672e-13
-3.84031e-14
2.38446e-13
-1.3076e-12
3.05945e-13
2.7276e-13
8.36282e-14
-3.20576e-13
7.53501e-15
5.96986e-13
5.067e-13
1.63154e-13
-3.68429e-13
-1.54199e-12
-1.00097e-13
-9.4785e-14
3.56858e-13
-1.68716e-12
2.14642e-13
-1.33883e-12
-8.9172e-13
-1.14817e-13
-7.67056e-13
-4.81295e-13
1.53335e-13
7.58167e-13
1.32421e-12
-9.43663e-13
4.22206e-13
3.40416e-14
-5.24836e-13
-3.70248e-14
-5.28607e-13
3.55749e-13
-2.02039e-13
-5.15447e-13
-6.81404e-14
-1.47358e-12
-1.03626e-14
1.97046e-13
5.95483e-13
4.545e-13
-4.58162e-13
-3.39983e-14
-3.81363e-13
-3.21543e-13
2.89791e-13
-1.35805e-13
2.42682e-13
5.71506e-13
1.86451e-12
1.41209e-12
2.58292e-13
-4.83944e-14
3.87418e-13
2.18785e-14
2.42711e-13
-3.39029e-14
7.16306e-15
4.10223e-13
-1.00169e-12
4.96623e-13
-1.46768e-12
-1.44495e-12
1.56985e-13
-4.55617e-16
-1.16656e-15
-2.16311e-14
1.80313e-12
-8.42244e-13
1.0421e-13
-2.72265e-13
7.2073e-13
2.69702e-13
3.64978e-13
1.8038e-13
8.0626e-13
1.04139e-12
-7.37399e-13
1.2436e-13
1.08181e-12
1.13852e-13
1.04637e-13
8.02668e-14
-1.48949e-12
1.81196e-12
-1.75002e-13
-4.27495e-14
-3.60233e-13
1.8692e-13
-7.68423e-13
-7.40542e-14
-1.19838e-12
-2.23418e-14
-9.81843e-13
5.17466e-13
-4.27649e-13
-3.23699e-13
-8.19869e-13
1.84746e-12
-1.67771e-13
7.83803e-13
8.54004e-13
-1.61028e-12
-1.42938e-13
-3.1166e-13
5.534e-13
2.14555e-13
1.6578e-13
3.28115e-13
-1.02275e-12
2.62143e-14
-6.8692e-14
-2.69888e-13
4.46086e-15
-1.39374e-12
1.38819e-13
-3.51152e-13
1.48078e-13
1.50317e-12
-5.23791e-13
4.15172e-13
-1.83268e-13
5.89892e-13
-3.61767e-13
3.78305e-14
2.33332e-13
-6.51616e-13
3.85334e-13
9.4921e-13
-1.30952e-13
-4.56206e-13
5.48097e-13
8.86203e-14
2.41699e-13
-1.56348e-13
-1.12295e-12
-4.63905e-13
-5.94822e-13
-6.51203e-14
-5.21481e-13
-1.65139e-13
-6.74087e-14
-3.71487e-14
-5.36475e-13
-5.08395e-13
-6.18519e-14
-6.1502e-14
5.96348e-13
3.50944e-13
1.37208e-12
-7.36653e-13
-5.6536e-13
-2.87423e-13
-1.22176e-13
9.96586e-15
-5.26112e-14
-1.94847e-13
-2.69439e-13
-7.99835e-13
3.11396e-13
3.86151e-15
-3.93082e-13
-1.44654e-12
-1.06146e-12
-1.62047e-12
-1.82818e-13
9.53672e-13
-6.82911e-14
2.37813e-13
8.0974e-14
1.16684e-13
4.9078e-14
3.62002e-13
-2.05591e-12
-6.37098e-13
-1.18489e-13
-1.77396e-12
3.80122e-13
-1.42937e-12
1.34287e-13
5.29614e-13
6.1829e-14
-1.02801e-12
-3.56223e-13
-1.42193e-12
1.20268e-13
-6.20288e-13
-3.51734e-13
-1.14777e-13
-4.07074e-13
7.65474e-14
-1.04092e-12
-3.4917e-13
2.03182e-13
5.81726e-14
-2.11665e-13
9.7629e-13
-1.02383e-12
2.24054e-13
-3.97142e-13
6.4702e-14
-6.92621e-14
2.91282e-13
1.11659e-12
-2.04055e-13
2.2981e-13
-6.11331e-14
9.2037e-13
9.69567e-13
-5.82468e-13
8.33535e-14
8.45489e-13
7.74796e-13
3.8644e-13
1.68237e-14
-8.46778e-14
2.13689e-14
1.34369e-13
3.26714e-15
-6.87871e-13
1.03453e-12
-1.08118e-13
4.93516e-13
5.22904e-14
-1.71691e-14
-1.79956e-13
1.51144e-12
7.70282e-15
3.28931e-13
4.38789e-13
-6.40184e-13
3.13362e-13
2.76075e-13
-2.69202e-13
-6.02658e-13
1.23603e-12
-7.15065e-13
2.49819e-12
-2.0966e-13
1.01789e-13
-1.83119e-13
1.33597e-13
-1.01247e-12
-3.30055e-12
-4.59276e-13
-1.01844e-14
-1.34364e-12
1.18394e-12
-4.67819e-13
1.1282e-12
1.48427e-12
-9.06528e-14
3.68156e-13
2.63067e-13
-5.43474e-14
7.71481e-13
-3.02738e-13
2.45738e-13
6.76391e-13
1.46352e-13
6.08102e-13
-6.38364e-13
-7.55556e-14
2.06819e-12
1.93253e-13
-2.88659e-14
6.43094e-14
-4.6538e-13
2.13061e-14
2.5252e-13
-1.01902e-12
5.06471e-13
-2.4607e-12
-2.19315e-13
5.70508e-13
7.19985e-14
-1.82492e-12
4.77581e-13
-1.80798e-12
-1.12877e-12
9.78591e-13
-2.00084e-13
-2.18319e-13
-1.77997e-13
-1.55726e-13
-1.73128e-14
5.85772e-14
-5.82766e-14
6.35811e-13
-4.44409e-14
1.16705e-12
5.3526e-13
-2.65658e-13
5.45058e-13
-6.17984e-14
-2.8495e-13
3.73144e-14
-2.86324e-13
-3.74785e-13
-9.9667e-13
9.11898e-14
-9.29608e-13
6.66118e-14
-7.12171e-14
-7.27538e-13
8.60511e-14
-9.29797e-14
-2.8306e-13
1.32169e-14
-3.1773e-13
2.20858e-13
-1.14798e-12
-8.91108e-13
-4.38083e-14
4.47519e-13
-3.4213e-12
-7.72933e-13
-5.44027e-13
2.67414e-13
1.89686e-12
3.63674e-13
-6.70394e-13
5.49549e-14
-1.91464e-13
2.54194e-14
5.90375e-13
5.81156e-13
-6.07332e-14
1.62326e-13
-1.06635e-12
-1.82903e-12
-1.02352e-12
8.41783e-13
-2.09505e-14
5.78702e-13
-1.72548e-13
1.34124e-13
-3.61061e-13
4.20421e-13
1.06525e-12
-2.64089e-13
-1.2021e-12
-6.90604e-14
-1.92848e-13
2.13852e-13
-8.76126e-13
5.89595e-13
2.69383e-13
-3.65269e-13
5.21377e-13
2.58732e-14
1.97438e-13
4.17529e-13
2.62852e-13
-1.26866e-13
2.73565e-15
-6.15172e-13
2.11484e-12
1.20793e-12
4.20921e-13
1.14689e-12
-2.35325e-13
-5.92324e-14
3.94653e-13
-1.03139e-12
3.17835e-13
-9.73476e-17
1.33876e-13
5.12353e-13
2.70664e-13
-8.40815e-13
1.17219e-12
1.1472e-12
-1.47337e-12
-4.17237e-13
-4.15834e-14
-1.4986e-13
-2.45726e-13
6.87323e-13
-6.33048e-13
4.69198e-13
2.97827e-13
1.03203e-12
-2.3507e-13
8.87686e-13
-1.55237e-13
-5.16589e-13
-1.09815e-13
1.55112e-13
3.99505e-14
-1.93969e-13
-2.6806e-13
-5.76495e-13
-4.53641e-13
1.99196e-12
2.20282e-13
-2.24506e-14
2.94613e-14
5.25994e-13
3.55991e-13
-5.04622e-13
-4.75139e-13
-1.13774e-13
-4.47049e-13
1.85261e-12
2.8638e-13
1.31441e-12
-1.44679e-12
1.3511e-12
-3.03525e-13
-9.91277e-14
-1.84624e-13
1.05694e-12
1.73689e-12
3.2133e-13
9.53342e-13
2.13323e-13
-7.73434e-13
1.26566e-13
-8.72628e-14
4.42099e-13
3.89459e-13
-1.37155e-13
9.04106e-13
-7.74321e-13
-3.81036e-13
3.34765e-13
-2.55252e-13
9.63561e-13
-1.21335e-13
-3.60393e-13
1.60977e-13
-9.99057e-13
3.24671e-13
-2.827e-13
3.66337e-13
-1.30595e-12
6.45807e-13
-2.99953e-13
3.26758e-13
-4.2582e-13
7.5242e-13
6.17709e-13
9.93006e-13
4.83305e-13
2.86747e-13
3.11578e-14
-5.80145e-13
9.21413e-13
1.45889e-12
7.7655e-14
3.39587e-13
-8.40958e-13
2.76218e-13
-4.96149e-13
-2.53615e-13
3.76123e-13
2.15651e-13
-2.18281e-12
4.56096e-15
-2.41733e-12
7.34973e-13
-3.88795e-13
-4.74417e-13
3.59351e-13
8.75745e-14
-1.59163e-12
-2.03259e-12
9.42756e-13
-5.84577e-13
-1.27875e-12
-1.46055e-14
-2.37148e-13
-9.44459e-14
6.83451e-13
4.77069e-13
4.63432e-13
1.88067e-14
2.32561e-13
3.63845e-13
1.03968e-14
6.03262e-13
9.15596e-14
1.51227e-13
-8.397e-14
-6.41297e-13
1.10161e-13
2.02772e-13
-9.30095e-14
-3.60804e-13
-1.60129e-12
-7.25914e-14
-6.77789e-13
-5.50103e-13
1.48886e-13
1.34639e-13
-5.7495e-13
-2.87581e-13
-3.21222e-13
-1.55551e-12
1.15007e-12
-1.77528e-12
8.51897e-14
-8.19668e-13
-1.102e-12
2.45535e-15
5.43929e-13
-3.82944e-13
-6.33648e-13
3.46479e-14
2.24691e-13
1.21351e-12
2.52962e-13
3.46456e-13
-2.8432e-13
-1.08097e-12
2.30567e-14
1.30587e-12
-3.34948e-14
1.03404e-13
-7.51327e-13
8.54708e-13
8.46581e-13
-1.48172e-12
-2.18846e-14
-7.77009e-14
4.57522e-14
-2.22181e-12
-2.63837e-13
1.24288e-13
9.8416e-13
8.77253e-14
-9.53656e-13
-2.88929e-13
1.7398e-13
1.03569e-13
9.55296e-13
6.63437e-13
-4.64335e-14
4.46783e-13
-3.57248e-13
-1.58953e-13
1.15817e-13
-2.44878e-14
-1.30434e-12
4.2233e-13
-5.30544e-13
-6.06987e-13
7.92424e-13
6.64156e-13
1.69996e-12
-1.04217e-13
4.07702e-13
6.36527e-13
6.38617e-13
-1.98995e-12
-1.97575e-12
1.82137e-13
-1.1413e-13
2.97231e-13
-3.53058e-13
-3.38849e-13
-2.7471e-13
-2.4202e-13
-1.60068e-13
7.09014e-13
-2.15852e-13
7.70889e-14
2.64038e-13
6.50196e-13
-6.6619e-14
1.14963e-13
9.56577e-14
-7.71708e-14
-2.08618e-13
8.05885e-14
-3.16933e-13
1.37148e-13
5.50359e-13
1.33305e-13
-1.14228e-12
-1.61419e-12
1.98248e-13
1.08015e-13
4.76995e-13
-4.33296e-13
-1.15012e-13
1.35923e-12
-1.05106e-12
3.17557e-13
3.49009e-13
6.06167e-13
-2.27021e-12
3.1268e-13
-5.90396e-13
-4.96549e-13
8.79872e-14
3.58506e-14
-4.18254e-13
-6.88943e-14
-8.82454e-13
-3.26119e-14
5.14628e-14
4.2949e-14
3.37512e-15
1.74378e-13
2.03548e-13
1.02017e-12
1.80283e-14
3.51456e-13
1.42253e-13
4.14038e-13
3.21443e-13
-3.28499e-14
1.37604e-14
-1.97429e-13
7.12256e-13
-8.87781e-13
1.04724e-12
7.47175e-14
-9.26472e-13
-1.00236e-12
-2.6565e-12
-1.46443e-13
-1.27382e-12
1.84419e-12
-3.33581e-14
2.67839e-13
4.6123e-13
-2.96134e-13
-1.022e-13
-3.66265e-13
4.72075e-13
-5.87082e-13
-6.18507e-13
-2.06843e-13
-6.79726e-13
-4.80079e-13
3.50967e-13
-2.04571e-13
3.8204e-14
-3.06689e-13
2.20867e-12
-7.65446e-13
-6.46777e-14
-3.48454e-13
-2.68772e-12
7.52952e-13
1.40611e-12
6.75243e-13
-4.90361e-13
-2.57474e-13
-7.7157e-14
-2.06451e-13
-6.20586e-13
-6.60843e-13
-4.71246e-13
-5.94372e-14
-2.47003e-13
-1.98243e-15
2.20081e-14
1.82477e-16
9.72224e-13
6.76674e-13
-6.35303e-13
-7.58524e-13
-7.3758e-13
1.70723e-12
1.4861e-12
-4.78555e-13
-1.53101e-13
2.65209e-13
-2.37886e-13
6.19827e-18
-1.03149e-13
4.06755e-13
7.45795e-14
-9.88083e-14
6.20203e-14
1.22933e-12
-8.36962e-13
-1.08925e-13
-1.30637e-12
6.29174e-13
2.55104e-13
2.25811e-13
-1.00503e-13
5.93056e-13
1.0394e-13
-5.74789e-13
-1.08218e-12
-2.16852e-13
5.61227e-13
1.19897e-13
1.11081e-13
6.00262e-13
-8.3396e-13
-1.04535e-12
-3.39305e-13
9.01681e-13
2.35932e-13
-1.51629e-13
1.99987e-13
5.66873e-13
3.93064e-13
-1.18788e-12
4.54348e-13
4.13647e-13
-3.04937e-13
4.89687e-13
-1.70151e-13
-1.1265e-12
-2.22885e-13
-2.60348e-13
-2.79433e-13
-7.32443e-13
8.92463e-13
-1.32916e-13
-1.23859e-13
-1.74762e-13
-6.32686e-13
-1.15032e-12
-1.26239e-12
8.93217e-14
-3.17519e-13
1.55289e-13
-5.5585e-13
1.73136e-12
2.12583e-13
3.45956e-13
-2.6004e-13
-7.68861e-15
-9.59283e-13
5.97669e-13
-5.30698e-13
1.75816e-13
4.71184e-14
1.97901e-13
-5.48802e-13
-2.11602e-14
3.4738e-13
1.4089e-12
4.26905e-13
5.38289e-13
-1.20981e-12
2.12535e-14
-1.06186e-12
-6.84864e-13
-1.04702e-12
1.30855e-12
-1.15212e-13
-7.10094e-14
9.30361e-13
1.06946e-12
7.43454e-13
7.22473e-13
9.54973e-13
8.46414e-13
1.20329e-12
-1.78248e-13
4.23754e-13
-7.8865e-14
1.47151e-12
-3.81565e-13
-7.34907e-13
2.20773e-13
3.46938e-14
-4.15027e-13
4.95488e-13
-1.21115e-12
-2.18814e-14
2.40207e-15
1.07722e-14
4.42379e-13
1.449e-13
6.76267e-14
6.64134e-13
-2.08152e-13
-9.46478e-14
8.89464e-13
7.0485e-13
-2.07622e-13
-5.96433e-13
2.82319e-13
9.25638e-13
4.31968e-13
-3.29253e-13
2.33925e-13
-4.14057e-13
-3.60614e-13
-3.07649e-13
-9.65257e-14
2.72268e-13
-8.80907e-13
-1.37044e-12
9.84948e-13
-9.37877e-13
5.02104e-14
-5.7335e-13
8.05857e-13
2.91024e-13
-3.82843e-13
1.85083e-13
4.34995e-13
3.81165e-14
-7.09219e-13
-1.63464e-12
-5.18581e-15
-3.24287e-13
-8.602e-13
-1.22602e-13
-1.90126e-13
5.24101e-13
-7.04785e-13
-1.21012e-12
-6.8733e-13
1.11688e-12
-7.51467e-13
5.44473e-13
5.81753e-14
6.24747e-14
3.72175e-14
4.48251e-14
-4.56573e-13
-1.04902e-12
-1.00932e-13
3.78213e-14
-4.13445e-13
3.69249e-13
4.92176e-14
6.03533e-13
9.45039e-14
7.67238e-13
-1.62305e-13
7.31509e-13
2.38705e-13
3.88989e-13
-2.00158e-14
2.07099e-12
-1.44274e-12
-2.75592e-13
5.65788e-13
-1.60312e-13
-5.84046e-13
-1.10004e-12
-1.87861e-13
8.54354e-14
-3.62865e-15
3.47105e-14
4.22488e-14
-1.05942e-13
-5.70588e-13
3.69953e-13
4.75416e-14
-5.55524e-13
-2.79673e-13
-2.97955e-16
-2.86211e-13
5.05327e-13
3.94806e-13
-4.21127e-13
-9.98872e-14
1.30946e-12
-3.31161e-13
-6.09048e-14
-1.98239e-13
7.03554e-13
-3.62072e-13
5.19821e-14
1.83277e-12
3.06525e-13
4.48483e-14
6.86665e-13
-7.20348e-13
-2.94386e-13
-9.33165e-13
2.69765e-13
-1.47717e-12
3.7233e-13
3.06477e-13
2.43334e-13
-1.26181e-14
-7.94581e-13
8.36152e-14
-7.08852e-14
-9.2081e-13
5.89823e-13
7.17713e-14
-4.46703e-14
6.28967e-14
6.63887e-14
-1.41682e-13
-1.16233e-13
-5.70021e-13
3.4278e-13
2.72138e-13
-2.62293e-13
3.86272e-13
5.00729e-13
-4.25292e-13
3.96506e-13
7.97736e-14
-5.89949e-13
9.48576e-13
-3.51908e-13
-2.22682e-14
-6.79547e-14
-4.40859e-13
-6.37095e-13
-6.32447e-14
-4.22178e-13
4.57313e-14
1.18707e-12
-3.83455e-13
1.16448e-13
8.70957e-13
-1.10943e-13
-1.18518e-13
-4.10324e-13
-6.73171e-13
3.24211e-13
-4.56135e-13
5.92989e-15
-4.31232e-15
-5.42202e-13
-4.20383e-13
2.73024e-13
4.14117e-13
-1.15439e-12
2.93991e-13
-1.20106e-12
5.20661e-13
-1.93095e-13
4.44046e-15
3.51542e-13
-8.76836e-13
1.25772e-12
9.03433e-13
1.42757e-13
-7.4656e-14
1.99689e-13
1.17287e-13
6.09468e-13
-1.11058e-14
-2.82578e-13
-7.91072e-13
1.81649e-12
-1.39168e-13
5.52931e-13
5.00156e-13
3.3237e-13
-5.86149e-13
6.06416e-14
2.03957e-13
-3.39005e-13
-1.44352e-13
-4.52646e-13
6.07329e-13
3.64495e-14
-1.1775e-13
-2.77261e-13
2.30324e-14
-1.85777e-14
-1.77861e-13
-6.33929e-13
6.1123e-14
3.25465e-13
4.36707e-13
3.56044e-13
-2.10831e-13
2.38007e-13
3.16644e-14
4.83292e-13
5.40611e-13
1.36128e-12
8.41603e-14
5.55509e-13
-4.04687e-13
3.36128e-13
-2.65212e-13
-2.64008e-13
-5.4947e-13
-1.89732e-12
-1.32549e-12
6.32499e-13
-9.27236e-15
9.56711e-14
1.11382e-12
2.20022e-13
1.34734e-14
1.88457e-13
-1.04944e-12
-1.03152e-12
-3.68019e-14
8.20494e-13
-8.0281e-13
-8.72212e-13
-1.38974e-12
-6.75321e-13
9.07142e-14
-8.74878e-14
5.31902e-13
1.48713e-12
8.04229e-13
3.84312e-13
-2.25682e-13
-4.95377e-13
-8.81564e-13
-3.1502e-13
-7.45744e-13
-3.14668e-13
-8.02879e-13
9.88111e-14
-5.94698e-13
-2.15588e-12
-7.16461e-13
-2.29027e-13
3.1956e-14
-3.08321e-12
8.83535e-13
3.95713e-14
-1.06654e-12
1.8084e-13
-5.49105e-15
8.84456e-13
-1.81324e-14
-7.40101e-13
6.93641e-13
-6.4094e-13
-5.77071e-13
-3.80535e-13
8.68199e-15
8.03459e-14
3.46554e-13
-4.5195e-13
-5.52314e-13
8.04425e-14
1.97838e-12
1.08643e-13
-1.05254e-12
-4.46086e-13
-7.75469e-14
9.79547e-13
1.31132e-13
1.64806e-13
5.16969e-13
-3.28993e-13
2.27994e-12
-2.60632e-13
1.78991e-13
-1.62726e-14
1.22467e-12
5.00412e-13
-2.04699e-12
-8.46446e-14
7.11446e-13
-6.06989e-13
1.07774e-12
5.07258e-13
1.50941e-13
-4.16752e-13
-3.5391e-13
-5.55025e-14
-5.12813e-13
-3.37158e-13
-1.36204e-13
-3.52664e-13
5.59556e-13
-6.50062e-13
3.07215e-13
5.83889e-14
3.39639e-14
8.05413e-14
-1.40626e-12
3.94666e-13
1.13485e-12
-7.42894e-14
2.98586e-13
-8.77689e-14
1.01967e-12
-1.85085e-13
-9.27671e-13
-5.31857e-13
1.56081e-13
-2.02654e-13
-2.30618e-14
4.7506e-14
-1.90177e-13
7.38605e-13
-4.0372e-15
-4.69961e-14
1.07995e-13
8.57282e-14
1.5775e-13
-2.46572e-13
-6.75115e-13
4.67336e-13
-3.7283e-13
-2.3224e-13
3.10547e-13
-2.34998e-14
5.95064e-13
-2.87367e-14
-2.45509e-13
9.8456e-13
-3.85471e-13
-1.1937e-12
-1.52137e-13
2.59386e-13
-3.55271e-12
7.11415e-13
5.51011e-14
-8.14357e-14
-4.70585e-13
-1.41347e-12
1.62291e-13
4.98532e-13
-2.19382e-14
-2.7611e-13
-5.49164e-14
1.83008e-13
1.45465e-12
2.23954e-13
2.11437e-13
-3.50179e-13
6.52894e-13
4.61382e-14
-1.23216e-13
-4.52358e-16
7.17207e-13
-4.25425e-13
2.35045e-13
-8.55684e-13
3.84236e-13
3.71111e-13
-1.38509e-13
-5.97591e-13
-6.11463e-13
4.63294e-15
3.41529e-14
4.24904e-13
1.14988e-12
-1.56897e-12
8.22878e-13
8.84906e-14
-5.04631e-13
-6.88502e-14
2.72572e-13
-6.08126e-13
-7.25471e-13
1.06671e-12
1.7365e-13
7.6868e-13
1.45383e-13
-6.37432e-13
1.04732e-12
-3.26606e-13
1.67013e-12
-8.46523e-13
-2.78044e-13
-4.99167e-14
-8.73154e-13
3.42925e-14
5.30202e-13
-2.80901e-13
-4.31824e-13
-2.7461e-13
3.10456e-13
5.44191e-13
-1.512e-12
1.09751e-13
1.28487e-12
5.52081e-13
-3.01617e-13
-2.82377e-13
1.98389e-12
3.00406e-13
1.87287e-12
5.43082e-14
-7.93271e-13
-1.81735e-13
2.34403e-13
-6.55423e-14
-1.08125e-12
2.23943e-14
6.06999e-13
1.65152e-12
1.69821e-12
-2.34372e-13
1.53232e-14
5.82897e-14
5.91551e-13
-3.71527e-13
2.58978e-13
-3.7637e-13
5.51144e-13
-3.21255e-13
-5.95017e-13
-1.17113e-12
5.56086e-13
8.92029e-13
1.54348e-13
-3.20759e-14
1.03083e-12
-2.07135e-13
-5.07654e-14
5.07439e-14
7.56218e-13
-1.27191e-13
-1.06831e-12
1.80078e-12
1.58568e-13
-1.02172e-13
2.80966e-13
1.81305e-13
-1.03344e-12
5.13475e-13
-6.89058e-13
-1.14858e-12
2.33412e-14
5.63764e-13
-6.91718e-14
5.18566e-13
5.91261e-14
2.40413e-13
-8.24702e-13
9.87464e-13
3.89417e-13
-2.6477e-13
1.08832e-12
2.38908e-13
1.83043e-13
-2.24329e-12
8.22353e-14
-5.8258e-13
-4.37497e-13
-9.41169e-14
7.33354e-14
-5.25075e-14
-4.64096e-13
6.10854e-13
6.42225e-13
-9.23188e-13
-9.2984e-15
1.42066e-12
9.96185e-13
2.00598e-13
9.04396e-13
1.1335e-12
-3.67938e-13
-6.70167e-13
-3.18682e-14
-1.17289e-13
-2.84161e-13
-6.90835e-13
3.43021e-13
1.00471e-12
-9.4501e-14
-9.21436e-14
3.87478e-13
3.69266e-13
-4.35132e-13
9.79188e-15
-7.87269e-13
-4.8618e-13
4.88244e-13
-4.88385e-13
1.09172e-12
-2.9909e-13
2.77063e-13
4.06859e-13
-3.45811e-13
2.80439e-13
1.05504e-13
-5.14762e-13
-9.62887e-13
9.09628e-13
3.50764e-13
4.35618e-13
-3.49106e-13
5.88956e-13
3.9535e-13
-8.09034e-13
-6.86255e-13
-1.27245e-14
2.32527e-12
1.28506e-13
-2.77248e-14
-4.08869e-13
-9.08582e-13
3.29487e-14
-2.63764e-13
4.57968e-14
-1.3044e-12
-1.23867e-12
-1.5189e-14
-5.35006e-13
-2.08308e-13
1.26515e-13
2.90414e-14
2.55427e-13
-4.66846e-13
-2.26569e-13
-2.81128e-14
2.20118e-13
1.31397e-12
-1.1901e-13
5.39068e-13
6.84016e-13
1.19707e-12
9.39839e-14
1.82277e-13
-2.021e-13
-5.45692e-14
-6.69444e-14
-9.24922e-13
2.43841e-13
1.04482e-13
7.23272e-13
-1.24342e-12
-3.31454e-15
6.27409e-13
-5.62514e-13
-2.36636e-13
2.69403e-13
-7.52809e-14
-2.93916e-13
1.58068e-13
1.02814e-12
-4.3934e-13
9.92946e-14
-7.84863e-14
-2.94646e-13
1.52689e-13
5.98496e-13
1.58415e-13
1.29337e-13
7.01493e-13
1.27471e-14
1.9893e-13
-5.91365e-13
-2.02503e-13
3.91146e-13
-4.79526e-13
6.71579e-13
-1.33937e-12
1.29591e-12
8.77521e-13
1.27519e-12
-2.28312e-13
-7.68125e-13
-4.38565e-14
-7.37057e-13
-3.29527e-13
1.14153e-12
7.69455e-13
-9.85921e-13
2.67e-14
7.45261e-13
9.79041e-13
-9.37262e-13
-5.85515e-14
-6.21891e-13
1.07067e-12
-7.51661e-13
5.1582e-13
2.51975e-14
-1.96645e-13
-4.89029e-13
2.16862e-14
-5.67505e-15
-1.67284e-12
7.88492e-14
-4.59056e-13
-2.5178e-12
5.78728e-13
6.57803e-14
1.38385e-12
-2.63471e-13
6.53309e-13
-5.34229e-13
-4.60031e-13
-2.73272e-13
-2.73829e-13
-9.24946e-13
1.81535e-14
1.15672e-12
9.33815e-13
-5.77406e-13
4.88792e-13
5.28642e-13
7.93835e-13
9.60183e-13
1.15632e-12
-3.42665e-13
-3.81002e-13
2.70539e-13
6.87839e-13
5.31304e-13
1.01319e-12
1.8661e-13
2.3265e-13
-1.80971e-13
-6.04649e-13
-5.67867e-13
1.54581e-12
-3.83767e-13
6.45624e-13
6.86091e-13
1.00191e-13
3.68203e-13
5.5356e-13
-5.93626e-13
8.56781e-13
-2.26325e-13
-2.04244e-13
-6.28823e-13
9.14754e-13
-5.27567e-13
-1.28191e-13
-8.1159e-13
-5.00524e-13
-2.77958e-13
-6.09453e-13
-1.36824e-12
1.83345e-12
1.45704e-13
-4.95741e-13
-2.09722e-13
1.98635e-13
-1.70834e-13
-4.71688e-13
-1.50327e-13
5.26518e-14
3.48459e-14
-1.23752e-12
3.2478e-13
2.83435e-13
1.40868e-12
3.44091e-14
-3.15594e-13
1.32805e-12
1.50455e-13
-1.09565e-12
3.09215e-14
-1.50578e-13
-1.46481e-13
-1.13257e-13
2.23996e-13
-9.51625e-14
9.32892e-13
1.51814e-12
1.07589e-12
-1.32734e-13
-1.11971e-12
1.24487e-13
-6.62225e-13
-6.92208e-14
-1.31861e-13
4.59299e-13
1.29634e-12
4.55684e-13
2.4903e-12
-7.36631e-13
8.09099e-13
-7.14121e-13
8.3018e-13
7.09743e-14
1.08554e-12
5.04978e-13
-2.12414e-13
-2.4851e-13
-6.68808e-13
-7.76699e-13
-1.07129e-12
-1.34118e-13
-8.0061e-13
5.76554e-13
1.84938e-13
9.24628e-14
-4.81659e-15
2.7025e-13
-3.76282e-13
8.97839e-15
-1.60817e-13
1.77574e-13
1.08968e-12
-9.47622e-14
7.16621e-13
1.0147e-12
-6.69227e-13
4.1077e-13
-5.08657e-13
2.88761e-14
