1
0
0
0
0
0
0
0
0
0
0
0
0
0
0
0
l=0
1
0
0
0
0
0
0
0
0
0
0
0
0
0
0
0
l=1
1
0
0
0
0
0
0
0
0
0
0
0
0
0
0
0
l=2
1
0
0
0
0
0
0
0
0
0
0
0
0
0
0
0
l=3
1
0
0
0
0
0
0
0
0
0
0
0
0
0
0
0
l=4
1
0
0
0
0
0
0
0
0
0
0
0
0
0
0
0
l=5
1
0
0
0
0
0
0
0
0
0
0
0
0
0
0
0
l=6
1
0
0
0
0
0
0
0
0
0
0
0
0
0
0
0
l=7
1
0
0
0
0
0
0
0
0
0
0
0
0
0
0
0
l=8
1
0
0
0
0
0
0
0
0
0
0
0
0
0
0
0
l=9
1
0
0
0
0
0
0
0
0
0
0
0
0
0
0
0
l=10
1
0
0
0
0
0
0
0
0
0
0
0
0
0
0
0
l=11
1
0
0
0
0
0
0
0
0
0
0
0
0
0
0
0
l=12
1
0
0
0
0
0
0
0
0
0
0
0
0
0
0
0
l=13
1
0
0
0
0
0
0
0
0
0
0
0
0
0
0
0
l=14
1
0
0
0
0
0
0
0
0
0
0
0
0
0
0
0
l=15
1
0
0
0
0
0
0
0
0
0
0
0
0
0
0
0
l=16
1
0
0
0
0
0
0
0
0
0
0
0
0
0
0
0
l=17
1
0
0
0
0
0
0
0
0
0
0
0
0
0
0
0
l=18
1
0
0
0
0
0
0
0
0
0
0
0
0
0
0
0
l=19
1
0
0
0
0
0
0
0
0
0
0
0
0
0
0
0
l=20
1
0
0
0
0
0
0
0
0
0
0
0
0
0
0
0
l=21
1
0
0
0
0
0
0
0
0
0
0
0
0
0
0
0
l=22
1
0
0
0
0
0
0
0
0
0
0
0
0
0
0
0
l=23
1
0
0
0
0
0
0
0
0
0
0
0
0
0
0
0
l=24
1
0
0
0
0
0
0
0
0
0
0
0
0
0
0
0
l=25
1
0
0
0
0
0
0
0
0
0
0
0
0
0
0
0
l=26
1
0
0
0
0
0
0
0
0
0
0
0
0
0
0
0
l=27
1
0
0
0
0
0
0
0
0
0
0
0
0
0
0
0
l=28
1
0
0
0
0
0
0
0
0
0
0
0
0
0
0
0
l=29
1
0
0
0
0
0
0
0
0
0
0
0
0
0
0
0
l=30
1
0
0
0
0
0
0
0
0
0
0
0
0
0
0
0
l=31
1
0
0
0
0
0
0
0
0
0
0
0
0
0
0
0
l=32
1
0
0
0
0
0
0
0
0
0
0
0
0
0
0
0
l=33
1
0
0
0
0
0
0
0
0
0
0
0
0
0
0
0
l=34
1
0
0
0
0
0
0
0
0
0
0
0
0
0
0
0
l=35
1
0
0
0
0
0
0
0
0
0
0
0
0
0
0
0
l=36
1
0
0
0
0
0
0
0
0
0
0
0
0
0
0
0
l=37
1
0
0
0
0
0
0
0
0
0
0
0
0
0
0
0
l=38
1
0
0
0
0
0
0
0
0
0
0
0
0
0
0
0
l=39
1
0
0
0
0
0
0
0
0
0
0
0
0
0
0
0
l=40
1
0
0
0
0
0
0
0
0
0
0
0
0
0
0
0
l=41
1
0
0
0
0
0
0
0
0
0
0
0
0
0
0
0
l=42
1
0
0
0
0
0
0
0
0
0
0
0
0
0
0
0
l=43
1
0
0
0
0
0
0
0
0
0
0
0
0
0
0
0
l=44
1
0
0
0
0
0
0
0
0
0
0
0
0
0
0
0
l=45
1
0
0
0
0
0
0
0
0
0
0
0
0
0
0
0
l=46
1
0
0
0
0
0
0
0
0
0
0
0
0
0
0
0
l=47
1
0
0
0
0
0
0
0
0
0
0
0
0
0
0
0
l=48
1
0
0
0
0
0
0
0
0
0
0
0
0
0
0
0
l=49
1
0
0
0
0
0
0
0
0
0
0
0
0
0
0
0
l=50
1
0
0
0
0
0
0
0
0
0
0
0
0
0
0
0
l=51
1
0
0
0
0
0
0
0
0
0
0
0
0
0
0
0
l=52
1
0
0
0
0
0
0
0
0
0
0
0
0
0
0
0
l=53
1
0
0
0
0
0
0
0
0
0
0
0
0
0
0
0
l=54
1
0
0
0
0
0
0
0
0
0
0
0
0
0
0
0
l=55
1
0
0
0
0
0
0
0
0
0
0
0
0
0
0
0
l=56
1
0
0
0
0
0
0
0
0
0
0
0
0
0
0
0
l=57
1
0
0
0
0
0
0
0
0
0
0
0
0
0
0
0
l=58
1
0
0
0
0
0
0
0
0
0
0
0
0
0
0
0
l=59
1
0
0
0
0
0
0
0
0
0
0
0
0
0
0
0
l=60
1
0
0
0
0
0
0
0
0
0
0
0
0
0
0
0
l=61
1
0
0
0
0
0
0
0
0
0
0
0
0
0
0
0
l=62
1
0
0
0
0
0
0
0
0
0
0
0
0
0
0
0
l=63
1
0
0
0
0
0
0
0
0
0
0
0
0
0
0
0
l=64
1
0
0
0
0
0
0
0
0
0
0
0
0
0
0
0
l=65
1
0
0
0
0
0
0
0
0
0
0
0
0
0
0
0
l=66
1
0
0
0
0
0
0
0
0
0
0
0
0
0
0
0
l=67
1
0
0
0
0
0
0
0
0
0
0
0
0
0
0
0
l=68
1
0
0
0
0
0
0
0
0
0
0
0
0
0
0
0
l=69
1
0
0
0
0
0
0
0
0
0
0
0
0
0
0
0
l=70
1
0
0
0
0
0
0
0
0
0
0
0
0
0
0
0
l=71
1
0
0
0
0
0
0
0
0
0
0
0
0
0
0
0
l=72
1
0
0
0
0
0
0
0
0
0
0
0
0
0
0
0
l=73
1
0
0
0
0
0
0
0
0
0
0
0
0
0
0
0
l=74
1
0
0
0
0
0
0
0
0
0
0
0
0
0
0
0
l=75
1
0
0
0
0
0
0
0
0
0
0
0
0
0
0
0
l=76
1
0
0
0
0
0
0
0
0
0
0
0
0
0
0
0
l=77
1
0
0
0
0
0
0
0
0
0
0
0
0
0
0
0
l=78
1
0
0
0
0
0
0
0
0
0
0
0
0
0
0
0
l=79
1
0
0
0
0
0
0
0
0
0
0
0
0
0
0
0
l=80
1
0
0
0
0
0
0
0
0
0
0
0
0
0
0
0
l=81
1
0
0
0
0
0
0
0
0
0
0
0
0
0
0
0
l=82
1
0
0
0
0
0
0
0
0
0
0
0
0
0
0
0
l=83
1
0
0
0
0
0
0
0
0
0
0
0
0
0
0
0
l=84
1
0
0
0
0
0
0
0
0
0
0
0
0
0
0
0
l=85
1
0
0
0
0
0
0
0
0
0
0
0
0
0
0
0
l=86
1
0
0
0
0
0
0
0
0
0
0
0
0
0
0
0
l=87
1
0
0
0
0
0
0
0
0
0
0
0
0
0
0
0
l=88
1
0
0
0
0
0
0
0
0
0
0
0
0
0
0
0
l=89
1
0
0
0
0
0
0
0
0
0
0
0
0
0
0
0
l=90
1
0
0
0
0
0
0
0
0
0
0
0
0
0
0
0
l=91
1
0
0
0
0
0
0
0
0
0
0
0
0
0
0
0
l=92
1
0
0
0
0
0
0
0
0
0
0
0
0
0
0
0
l=93
1
0
0
0
0
0
0
0
0
0
0
0
0
0
0
0
l=94
1
0
0
0
0
0
0
0
0
0
0
0
0
0
0
0
l=95
1
0
0
0
0
0
0
0
0
0
0
0
0
0
0
0
l=96
1
0
0
0
0
0
0
0
0
0
0
0
0
0
0
0
l=97
1
0
0
0
0
0
0
0
0
0
0
0
0
0
0
0
l=98
1
0
0
0
0
0
0
0
0
0
0
0
0
0
0
0
l=99
1
0
0
0
0
0
0
0
0
0
0
0
0
0
0
0
l=100
1
0
0
0
0
0
0
0
0
0
0
0
0
0
0
0
l=101
1
0
0
0
0
0
0
0
0
0
0
0
0
0
0
0
l=102
1
0
0
0
0
0
0
0
0
0
0
0
0
0
0
0
l=103
1
0
0
0
0
0
0
0
0
0
0
0
0
0
0
0
l=104
1
0
0
0
0
0
0
0
0
0
0
0
0
0
0
0
l=105
1
0
0
0
0
0
0
0
0
0
0
0
0
0
0
0
l=106
1
0
0
0
0
0
0
0
0
0
0
0
0
0
0
0
l=107
1
0
0
0
0
0
0
0
0
0
0
0
0
0
0
0
l=108
1
0
0
0
0
0
0
0
0
0
0
0
0
0
0
0
l=109
1
0
0
0
0
0
0
0
0
0
0
0
00
0
0
l=110
1
0
0
0
0
0
0
0
0
0
0
0
0
0
0
0
l=111
1
0
0
0
0
0
0
0
0
0
0
0
0
0
0
0
l=112
1
0
0
0
0
0
0
0
0
0
0
0
0
0
0
0
l=113
1
0
0
0
0
0
0
0
0
0
0
0
0
0
0
0
l=114
1
0
0
0
0
0
0
0
0
0
0
0
0
0
0
0
l=115
1
0
0
0
0
0
0
0
0
0
0
0
0
0
0
0
l=116
1
0
0
0
0
0
0
0
0
0
0
0
0
0
0
0
l=117
1
0
0
0
0
0
0
0
0
0
0
0
0
0
0
0
l=118
1
0
0
0
0
0
0
0
0
0
0
0
0
0
0
0
l=119
1
0
0
0
0
0
0
0
0
0
0
0
0
0
0
0
l=120
1
0
0
0
0
0
0
0
0
0
0
0
0
0
0
0
l=121
1
0
0
0
0
0
0
0
0
0
0
0
0
0
0
0
l=122
1
0
0
0
0
0
0
0
0
0
0
0
0
0
0
0
l=123
1
0
0
0
0
0
0
0
0
0
0
0
0
0
0
0
l=124
1
0
0
0
0
0
0
0
0
0
0
0
0
0
0
0
l=125
1
0
0
0
0
0
0
0
0
0
0
0
0
0
0
0
l=126
1
0
0
0
0
0
0
0
0
0
0
0
0
0
0
0
l=127
1
0
0
0
0
0
0
0
0
0
0
0
0
0
0
0
l=128
1
0
0
0
0
0
0
0
0
0
0
0
0
0
0
0
l=129
1
0
0
0
0
0
0
0
0
0
0
0
0
0
0
0
l=130
1
0
0
0
0
0
0
0
0
0
0
0
0
0
0
0
l=131
1
0
0
0
0
0
0
0
0
0
0
0
0
0
0
0
l=132
1
0
0
0
0
0
0
0
0
0
0
0
0
0
0
0
l=133
1
0
0
0
0
0
0
0
0
0
0
0
0
0
0
0
l=134
1
0
0
0
0
0
0
0
0
0
0
0
0
0
0
0
l=135
1
0
0
0
0
0
0
0
0
0
0
0
0
0
0
0
l=136
1
0
0
0
0
0
0
0
0
0
0
0
0
0
0
0
l=137
1
0
0
0
0
0
0
0
0
0
0
0
0
0
0
0
l=138
1
0
0
0
0
0
0
0
0
0
0
0
0
0
0
0
l=139
1
0
0
0
0
0
0
0
0
0
0
0
0
0
0
0
l=140
1
0
0
0
0
0
0
0
0
0
0
0
0
0
0
0
l=141
1
0
0
0
0
0
0
0
0
0
0
0
0
0
0
0
l=142
1
0
0
0
0
0
0
0
0
0
0
0
0
0
0
0
l=143
1
0
0
0
0
0
0
0
0
0
0
0
0
0
0
0
l=144
1
0
0
0
0
0
0
0
0
0
0
0
0
0
0
0
l=145
1
0
0
0
0
0
0
0
0
0
0
0
0
0
0
0
l=146
1
0
0
0
0
0
0
0
0
0
0
0
0
0
0
0
l=147
1
0
0
0
0
0
0
0
0
0
0
0
0
0
0
0
l=148
1
0
0
0
0
0
0
0
0
0
0
0
0
0
0
0
l=149
1
0
0
0
0
0
0
0
0
0
0
0
0
0
0
0
l=150
1
0
0
0
0
0
0
0
0
0
0
0
0
0
0
0
l=151
1
0
0
0
0
0
0
0
0
0
0
0
0
0
0
0
l=152
1
0
0
0
0
0
0
0
0
0
0
0
0
0
0
0
l=153
1
0
0
0
0
0
0
0
0
0
0
0
0
0
0
0
l=154
1
0
0
0
0
0
0
0
0
0
0
0
0
0
0
0
l=155
1
0
0
0
0
0
0
0
0
0
0
0
0
0
0
0
l=156
1
0
0
0
0
0
0
0
0
0
0
0
0
0
0
0
l=157
1
0
0
0
0
0
0
0
0
0
0
0
0
0
0
0
l=158
1
0
0
0
0
0
0
0
0
0
0
0
0
0
0
0
l=159
1
0
0
0
0
0
0
0
0
0
0
0
0
0
0
0
l=160
1
0
0
0
0
0
0
0
0
0
0
0
0
0
0
0
l=161
1
0
0
0
0
0
0
0
0
0
0
0
0
0
0
0
l=162
1
0
0
0
0
0
0
0
0
0
0
0
0
0
0
0
l=163
1
0
0
0
0
0
0
0
0
0
0
0
0
0
0
0
l=164
1
0
0
0
0
0
0
0
0
0
0
0
0
0
0
0
l=165
1
0
0
0
0
0
0
0
0
0
0
0
0
0
0
0
l=166
1
0
0
0
0
0
0
0
0
0
0
0
0
0
0
0
l=167
1
0
0
0
0
0
0
0
0
0
0
0
0
0
0
0
l=168
1
0
0
0
0
0
0
0
0
0
0
0
0
0
0
0
l=169
1
0
0
0
0
0
0
0
0
0
0
0
0
0
0
0
l=170
1
0
0
0
0
0
0
0
0
0
0
0
0
0
0
0
l=171
1
0
0
0
0
0
0
0
0
0
0
0
0
0
0
0
l=172
1
0
0
0
0
0
0
0
0
0
0
0
0
0
0
0
l=173
1
0
0
0
0
0
0
0
0
0
0
0
0
0
0
0
l=174
1
0
0
0
0
0
0
0
0
0
0
0
0
0
0
0
l=175
1
l=176
1
0
0
0
0
0
0
0
0
0
0
0
0
0
0
0
l=177
1
0
0
0
0
0
0
0
0
0
0
0
0
0
0
0
l=178
1
0
0
0
0
0
0
0
0
0
0
0
0
0
0
0
l=179
1
0
0
0
0
0
0
0
0
0
0
0
0
0
0
0
l=180
1
0
0
0
0
0
0
0
0
0
0
0
0
0
0
0
l=181
1
0
0
0
0
0
0
0
0
0
0
0
0
0
0
0
l=182
1
0
0
0
0
0
0
0
0
0
0
0
0
0
0
0
l=183
1
0
0
0
0
0
0
0
0
0
0
0
0
0
0
0
l=184
1
0
0
0
0
0
0
0
0
0
0
0
0
0
0
0
l=185
1
0
0
0
0
0
0
0
0
0
0
0
0
0
0
0
l=186
1
0
0
0
0
0
0
0
0
0
0
0
0
0
0
0
l=187
1
0
0
0
0
0
0
0
0
0
0
0
0
0
0
0
l=188
1
0
0
0
0
0
0
0
0
0
0
0
0
0
0
0
l=189
1
0
0
0
0
0
0
0
0
0
0
0
0
0
0
0
l=190
1
0
0
0
0
0
0
0
0
0
0
0
0
0
0
0
l=191
1
l=192
1
0
0
0
0
0
0
0
0
0
0
0
0
0
0
0
l=193
1
0
0
0
0
0
0
0
0
0
0
0
0
0
0
0
l=194
1
0
0
0
0
0
0
0
0
0
0
0
0
0
0
0
l=195
1
0
0
0
0
0
0
0
0
0
0
0
0
0
0
0
l=196
1
0
0
0
0
0
0
0
0
0
0
0
0
0
0
0
l=197
1
0
0
0
0
0
0
0
0
0
0
0
0
0
0
0
l=198
1
0
0
0
0
0
0
0
0
0
0
0
0
0
0
0
l=199
1
0
0
0
0
0
0
0
0
0
0
0
0
0
0
0
l=200
1
0
0
0
0
0
0
0
0
0
0
0
0
0
0
0
l=201
1
0
0
0
0
0
0
0
0
0
0
0
0
0
0
0
l=202
1
0
0
0
0
0
0
0
0
0
0
0
0
0
0
0
l=203
1
0
0
0
0
0
0
0
0
0
0
0
0
0
0
0
l=204
1
0
0
0
0
0
0
0
0
0
0
0
0
0
0
0
l=205
1
0
0
0
0
0
0
0
0
0
0
0
0
0
0
0
l=206
1
0
0
0
0
0
0
0
0
0
0
0
0
0
0
0
l=207
1
0
l=208
1
0
0
0
0
0
0
0
0
0
0
0
0
0
0
0
l=209
1
0
0
0
0
0
0
0
0
0
0
0
0
0
0
0
l=210
1
0
0
0
0
0
0
0
0
0
0
0
0
0
0
0
l=211
1
0
0
0
0
0
0
0
0
0
0
0
0
0
0
0
l=212
1
0
0
0
0
0
0
0
0
0
0
0
0
0
0
0
l=213
1
0
0
0
0
0
0
0
0
0
0
0
0
0
0
0
l=214
1
0
0
0
0
0
0
0
0
0
0
0
0
0
0
0
l=215
1
0
0
0
0
0
0
0
0
0
0
0
0
0
0
0
l=216
1
0
0
0
0
0
0
0
0
0
0
0
0
0
0
0
l=217
1
0
0
0
0
0
0
0
0
0
0
0
0
0
0
0
l=218
1
0
0
0
0
0
0
0
0
0
0
0
0
0
0
0
l=219
1
0
0
0
0
0
0
0
0
0
0
0
0
0
0
0
l=220
1
0
0
0
0
0
0
0
0
0
0
0
0
0
0
0
l=221
1
0
0
0
0
0
0
0
0
0
0
0
0
0
0
0
l=222
1
0
0
0
0
0
0
0
0
0
0
0
0
0
0
0
l=223
1
0
0
0
0
l=224
1
0
0
0
0
0
0
0
0
0
0
0
0
0
0
0
l=225
1
0
0
0
0
0
0
0
0
0
0
0
0
0
0
0
l=226
1
0
0
0
0
0
0
0
0
0
0
0
0
0
0
0
l=227
1
0
0
0
0
0
0
0
0
0
0
0
0
0
0
0
l=228
1
0
0
0
0
0
0
0
0
0
0
0
0
0
0
0
l=229
1
0
0
0
0
0
0
0
0
0
0
0
0
0
0
0
l=230
1
0
0
0
0
0
0
0
0
0
0
0
0
0
0
0
l=231
1
0
0
0
0
0
0
0
0
0
0
0
0
0
0
0
l=232
1
0
0
0
0
0
0
0
0
0
0
0
0
0
0
0
l=233
1
0
0
0
0
0
0
0
0
0
0
0
0
0
0
0
l=234
1
0
0
0
0
0
0
0
0
0
0
0
0
0
0
0
l=235
1
0
0
0
0
0
0
0
0
0
0
0
0
0
0
0
l=236
1
0
0
0
0
0
0
0
0
0
0
0
0
0
0
0
l=237
1
0
0
0
0
0
0
0
0
0
0
0
0
0
0
0
l=238
1
0
0
0
0
0
0
0
0
0
0
0
0
0
0
0
l=239
1
0
0
0
0
0
l=240
1
0
0
0
0
0
0
0
0
0
0
0
0
0
0
0
l=241
1
0
0
0
0
0
0
0
0
0
0
0
0
0
0
0
l=242
1
0
0
0
0
0
0
0
0
0
0
0
0
0
0
0
l=243
1
0
0
0
0
0
0
0
0
0
0
0
0
0
0
0
l=244
1
0
0
0
0
0
0
0
0
0
0
0
0
0
0
0
l=245
1
0
0
0
0
0
0
0
0
0
0
0
0
0
0
0
l=246
1
0
0
0
0
0
0
0
0
0
0
0
0
0
0
0
l=247
1
0
0
0
0
0
0
0
0
0
0
0
0
0
0
0
l=248
1
0
0
0
0
0
0
0
0
0
0
0
0
0
0
0
l=249
1
0
0
0
0
0
0
0
0
0
0
0
0
0
0
0
l=250
1
0
0
0
0
0
0
0
0
0
0
0
0
0
0
0
l=251
1
0
0
0
0
0
0
0
0
0
0
0
0
0
0
0
l=252
1
0
0
0
0
0
0
0
0
0
0
0
0
0
0
0
l=253
1
0
0
0
0
0
0
0
0
0
0
0
0
0
0
0
l=254
1
0
0
0
0
0
0
0
0
0
0
0
0
0
0
0
l=255
1
0
0
0
0
0
l=256
1
0
0
0
0
0
0
0
0
0
0
0
0
0
0
0
l=257
1
0
0
0
0
0
0
0
0
0
0
0
0
0
0
0
l=258
1
0
0
0
0
0
0
0
0
0
0
0
0
0
0
0
l=259
1
0
0
0
0
0
0
0
0
0
0
0
0
0
0
0
l=260
1
0
0
0
0
0
0
0
0
0
0
0
0
0
0
0
l=261
1
0
0
0
0
0
0
0
0
0
0
0
0
0
0
0
l=262
1
0
0
0
0
0
0
0
0
0
0
0
0
0
0
0
l=263
1
0
0
0
0
0
0
0
0
0
0
0
0
0
0
0
l=264
1
0
0
0
0
0
l=265
