512
496
480
464
448
432
416
400
384
368
352
336
320
304
288
272
256
240
224
208
192
176
160
144
128
112
96
80
64
48
32
16
512
496
480
464
448
432
416
400
384
368
352
336
320
304
288
272
256
240
224
208
192
176
160
144
128
112
96
80
64
48
32
16
512
496
480
464
448
432
416
400
384
368
352
336
320
304
288
272
256
240
224
208
192
176
160
144
128
112
96
80
64
48
32
16
512
496
480
464
448
432
416
400
384
368
352
336
320
304
288
272
256
240
224
208
192
176
160
144
128
112
96
80
64
48
32
16
256
240
224
208
192
176
160
144
128
112
96
80
64
48
32
16
256
240
224
208
192
176
160
144
128
112
96
80
64
48
32
16
256
240
224
208
192
176
160
144
128
112
96
80
64
48
32
16
1
241
225
209
193
177
161
145
129
113
97
81
65
49
33
17
1
242
226
210
194
178
162
146
130
114
98
82
66
50
34
18
2
245
229
213
197
181
165
149
133
117
101
85
69
53
37
21
5
246
230
214
198
182
166
150
134
118
102
86
70
54
38
22
6
246
230
214
198
182
166
150
134
118
102
86
70
54
38
22
6
134
118
102
86
70
54
38
22
6
