10.0014
9.99935
-9.99963
10.0008
-10.0007
10.001
-9.99992
-9.99971
-9.99902
9.99959
-9.99955
-10.0009
10.0019
9.99994
10.0006
-10.0019
-10
-10.0004
-9.99966
-10
9.99961
10.0013
-10
-10.0016
9.9987
-10.0021
9.99861
10.0003
-9.99879
9.99888
9.99889
10.0007
9.99878
-9.99965
9.99898
-9.99752
10.0014
-10.0007
-9.99883
-9.99896
10.0001
-9.99792
-10
10.0006
9.99972
10
-10.0001
-10.0017
-10.0011
-10.0005
-9.99824
9.99998
10.0005
-10.0006
-10.0005
10.0001
-9.99913
9.99944
9.99921
-10.0007
9.99992
10.0005
10.0011
10.0011
-10.0016
9.99897
-9.99945
9.99887
-10.0002
-9.99933
-10.0005
9.99932
-9.99977
-10.0001
9.99958
9.99992
9.99871
-10.0006
-10.0008
-10.0009
-10.0004
-9.99896
10.0009
10.0001
-10.0005
-9.99912
10.0017
-9.99952
9.99855
9.99973
-9.9995
9.99885
10.0006
10.0012
9.99964
-10.0001
10.0005
-9.99959
9.99978
-10.0003
-9.99945
-9.99948
10.0008
-9.99978
-10.0007
10.001
9.99959
10.0006
-10.0002
-10.0014
-9.99995
-10.0005
-9.99967
9.99945
10.0006
-10.0005
-9.99899
9.99961
-10.0003
9.99926
10.0003
-9.99946
9.99981
10.001
10.0001
9.99957
-9.99981
9.99829
-9.99845
10.0004
-10.001
-10.0002
-9.99802
10.0008
-10
-10.001
10.0006
10.0003
10.0021
-9.999
-9.99998
-10.0008
-9.99965
-10.0004
9.99941
9.99991
-10.0013
-9.99944
10.0001
-9.9984
10.0005
10.0016
-10.0005
9.99968
10.0003
9.99961
10.0002
-10.0007
9.99924
-9.99947
9.99969
-10.0018
-9.99816
-9.99942
9.99964
-10.0013
-9.99996
9.99956
10.0012
9.99909
-9.99885
-9.99792
-10.0002
-9.99923
-10.0006
10.0011
9.99849
-10.0002
-9.99951
10.0002
-10.0006
9.99789
10.0012
-10.0009
10.0012
10.0001
9.99875
9.99879
-10.0008
10.0014
-9.99837
9.99901
-9.99993
-10.0005
-9.99991
10.0004
-9.9984
-9.99949
9.99894
10.0005
10.0001
-9.99959
-9.99942
-9.99994
-9.99959
-10.0016
9.99945
9.99973
-9.9998
-10.0002
10.0011
-9.99991
10.0015
10.0007
-9.99943
9.99861
9.99966
10.0003
9.99953
-9.99984
10.0002
-10.0001
10
-10.0015
-9.99954
-9.99844
9.99976
-9.99965
-9.99948
10.0004
9.99912
9.99912
-9.9998
-10.0004
-9.99991
-9.99885
-10.001
10.0002
10.0001
-9.99842
-9.9998
10
-10.0002
9.99999
10.0005
-10.0015
10.0009
10.0005
9.99988
10.0004
-10.0008
9.9981
-9.99999
9.99987
-10.0006
-9.99972
-10.0008
9.99962
-9.99993
-9.99926
9.99983
9.9998
10.0008
-10.0011
-9.99979
-10.0011
-9.99995
-10
9.99872
9.9994
-10.0001
-9.99952
9.99951
-9.99945
9.99971
10.0002
-10.0005
9.99886
10.0012
10.0005
10.0003
-9.99954
9.99927
-9.99951
10.0001
-10.0001
-10.0013
-10.0002
9.99928
-10
-9.99964
10.0005
10.0013
9.99986
-10.0001
-9.99858
-10.0004
-9.99936
-9.99855
9.99976
10.0012
-10.002
-9.99999
10.0009
-10.0005
9.99986
9.99992
-9.99914
9.9999
9.99786
10.0009
10.0001
-10.0011
10.0011
-9.99891
10.0006
-10.0005
-9.9979
-9.99929
9.99846
-10.0011
-9.99927
9.99828
9.99984
10.0014
-10.0008
-9.99941
-10.0004
-9.9995
-10.0004
9.99995
10.0012
-9.99969
-9.99919
9.99988
-10.0006
9.99864
10.0016
-9.99949
9.99945
9.99899
10.0001
9.99825
-10.0006
10.0007
-10.001
9.99905
-9.9989
-9.99997
-10.0013
10.0005
-9.99877
-9.999
10.0002
9.9996
10.0003
-9.99887
-9.99972
-9.99861
-10.0007
-9.99962
9.99954
9.99909
-10.0017
-10.0015
9.99994
-9.99959
10.0014
9.99988
-10.0003
10.0002
10.0007
10.0015
10.0006
-9.99998
10.0013
-9.99943
10.0003
-9.99998
-9.99937
-9.99939
9.99911
-9.99958
-10.0002
9.99857
10.0003
9.99748
-10.0002
-10.0004
-9.99957
-9.99924
-9.99926
9.99948
9.99804
-10.0012
-9.99965
10.001
-9.99941
9.99935
9.99867
-9.99981
9.99981
10.0004
9.9997
9.99841
-9.9999
9.99989
-10.0002
10.0001
-10.0004
-10.0002
-10.0011
9.99987
-9.99973
-10.0006
10.0008
10.0008
9.99987
-9.99922
-10.0005
-10.0005
-9.99945
-9.99921
9.9991
9.99751
-9.99899
-10.0012
10.0004
-9.99924
9.99871
9.99987
-9.99975
10.001
10.0003
10.001
9.99997
-10.0007
10.0007
-10.0014
9.99913
-10.0001
-10.0011
-10.001
9.99999
-10.0001
-9.99923
10.0013
10.0001
10.0022
-10.0004
-9.99989
-9.99951
-9.99984
-10.0011
10.0003
10.0005
-9.99913
-10.0006
9.99929
-10.0008
10.0001
9.99933
-9.99884
10.0005
10.0003
10.0015
9.99939
-9.99927
10.0001
-10.0003
9.99953
-10.0001
-9.99802
-10.0006
10.002
-9.99989
-9.99957
10.0009
10.0003
10.0013
-9.99956
-9.99949
-9.99888
-9.99993
-9.99884
10.002
10.0001
-10.0002
-10.0001
9.99894
-9.99905
9.99905
10.002
-10
10.0004
9.99885
9.99992
9.99942
-9.99974
10.0003
-10.0005
9.998
-9.99978
-10.0007
-9.99958
10.0001
-10
-9.99907
10.001
9.99959
9.99991
-10.0005
-9.99962
-9.99792
-10.0011
-10.0003
10.0001
9.99986
-9.9981
-10.0003
9.99828
-10.0022
9.99971
10.0001
-10.0012
9.9986
10.0009
10.0007
10.0003
-10.0002
9.99976
-10.0011
9.99856
-10.0021
-10.0005
-10.0001
10.0008
-10.0008
-9.99966
9.99925
10.0015
9.9979
-10.0004
-10.0017
-10.0006
-9.99869
-10.0005
9.999
10.0004
-10.0007
-10.0013
10.0001
-9.99949
9.99952
10.0004
-9.99842
9.99916
9.99983
10.0002
10.0004
-10.0003
9.99978
-10.0013
10.0015
-10.0005
-10.0001
-10.0006
9.99985
-9.99891
-10.0002
10.0007
9.99999
10.0002
-9.99955
-9.99991
-10.0019
-10.0003
-9.99933
10.0013
9.99974
-10.0004
-10.0002
9.99897
-9.99988
9.99958
10.0003
-9.99993
9.99993
10.0001
10.0005
10
-10.0007
9.99968
-10.001
9.99881
-10.0006
-10
-10.0008
10.0004
-9.99886
-9.99883
9.99926
9.99979
10.0001
-10.0007
-10.0003
-9.99871
-9.99972
-9.9989
10.0004
9.99867
-9.99967
-9.9987
10.0005
-10.0014
9.99969
9.99913
-9.99852
10.0001
10.0008
10.0005
9.99909
-10.0008
9.99885
-9.9996
9.99818
-9.99984
-9.99993
-9.99958
9.99999
-10.0009
-9.99958
9.99904
10.0005
10.0004
-10.0006
-10.0002
-10.0008
-9.99858
-10.0008
10.0001
9.99975
-9.99975
-9.99903
10.0001
-9.99957
10.0002
10.0004
-10.0009
10.0011
10.0013
9.99988
9.99947
-10.0019
10.0016
-10.0007
9.99984
-10.0003
-9.99991
-10.0006
10.0007
-10.0009
-10
10.0012
9.9993
10.0016
-9.99969
-9.99861
-9.99954
-9.99779
-9.99974
9.99983
9.99869
-10.0008
-9.99953
9.99949
-10.0001
10.0013
10.0007
-9.99978
10.0008
9.99886
9.99951
10.0001
-10.0007
10.0004
-10.0014
9.99904
-9.99942
-10.0013
-9.99808
10.0007
-9.99997
-9.99898
10.0004
10.001
9.99786
-9.9996
-9.99939
-10.0001
-9.99987
-9.99871
9.99989
10.0006
-10
-10.0005
9.99915
-10.0005
9.99996
10.0007
-10.0025
10.0002
9.99879
9.99961
9.99988
-10.0014
10.0004
-9.99858
9.99928
-9.9988
-9.99777
-10.0009
9.9997
-9.99997
-10.0001
9.99987
9.99881
9.99932
-10.0006
-9.99874
-10.0002
-9.9983
-10.0005
9.99856
10.0005
-9.99895
-9.99806
9.99933
-9.99942
9.99917
10.0009
-9.99978
10.0006
10.0009
10.0018
9.99969
-9.99928
10.0015
-9.99945
10.0021
-9.99822
-9.99999
-9.99859
10
-9.9999
-9.9989
10.0004
10.001
9.99928
-9.99866
-9.99931
-10.0009
-10.0003
-10.0004
10.0007
9.99969
-9.99948
-10.0005
9.99985
-10.0001
10
9.99958
-9.99934
9.99957
10.0001
9.99951
10.001
-10.0002
9.9993
-9.99951
10.0005
-10.0009
-10.0012
-10.0007
10.0003
-10
-10.0002
9.99931
10.0004
10.0002
-10.001
-10.0024
-9.99944
-10.0004
-10.0009
10.0001
10.0012
-10.0013
-9.99985
10
-10.0003
9.99972
10.0002
-9.99982
9.9999
10.0005
9.99959
9.9993
-9.99922
10.0007
-9.99977
9.99973
-10.0002
-10.001
-9.99962
10.0011
-9.99885
-9.99946
9.99962
10.0004
10.0004
-10.0008
-10.0001
-9.99915
-9.99935
-9.99972
10.0009
9.99977
-9.99946
-10.0004
9.99887
-10.0006
10.0003
9.99809
-9.99919
10.0002
9.99872
10.0019
10.0008
-9.99999
9.99982
-9.9988
10.0005
-9.99993
-9.99984
-10.0021
9.9995
-9.99984
-10.0008
10.0003
10.0003
9.99854
-10.0006
-10.0015
-9.99968
-9.99995
-9.99928
9.99975
10.0001
-9.99778
-9.99962
10.0019
-10.0004
10.0018
10.0012
-9.99977
9.99926
9.99958
9.99863
10.0007
-10.0005
10.0011
-10.0006
10.0014
-9.99907
-9.99997
-10.0012
9.99944
-10.0004
-10.0002
9.99824
10.0003
9.99975
-9.9989
-9.99843
-10.0003
-9.99954
-9.99901
9.9991
10.0007
-9.99923
-9.99909
10.0003
-10.0001
9.99918
10.0006
-10
9.99942
10.0009
9.99973
9.99996
-10.0002
10.0017
-9.9992
10.0008
-10.0006
-10.0002
-10
10.0011
-10.0002
-9.99828
10.0003
9.99992
10
-10.0008
-9.99929
-9.999
-9.99919
-10.0006
10.0003
9.99908
-10.0007
-10.0007
10.0011
-10
10.0001
9.99977
-9.99994
10.0001
9.99893
9.99988
10.0013
-9.99928
10
-9.99983
10.0003
-9.99924
-10.0015
-9.99982
9.99919
-9.99941
-10.0017
10.0004
10.0006
10.002
-10.0005
-9.99978
-9.99978
-9.99973
-10.0004
10.0009
9.99947
-10.0008
-9.99963
10.0015
-9.99887
10.0008
9.99774
-9.99918
10.0003
9.99894
9.99942
10.0022
-10.0005
9.99995
-9.99943
9.9985
-10.0005
-9.99908
-10.0001
9.99907
-10.0016
-10.0004
9.99929
10.0006
10.0005
-9.99813
-10.0004
-9.99906
-9.99929
-10.0002
9.99961
10.0007
-10.001
-10.0006
10.0005
-9.99918
9.99995
10.0013
-9.99887
9.99974
10.0004
-9.99973
-10.0003
-10.001
-10.0009
9.99877
9.99991
-10.0018
-10.0021
10.0014
9.99935
-9.99963
10.0008
-10.0007
10.001
-9.99992
-9.99971
-9.99902
9.99959
-9.99955
-10.0009
10.0019
9.99994
10.0006
-10.0019
-10
-10.0004
-9.99966
-10
9.99961
10.0013
-10
-10.0016
9.9987
-10.0021
9.99861
10.0003
-9.99879
9.99888
9.99889
10.0007
9.99878
-9.99965
9.99898
-9.99752
10.0014
-10.0007
-9.99883
-9.99896
10.0001
-9.99792
-10
10.0006
9.99972
10
-10.0001
-10.0017
-10.0011
-10.0005
-9.99824
9.99998
10.0005
-10.0006
-10.0005
10.0001
-9.99913
9.99944
9.99921
-10.0007
9.99992
10.0005
10.0011
10.0011
-10.0016
9.99897
-9.99945
9.99887
-10.0002
-9.99933
-10.0005
9.99932
-9.99977
-10.0001
9.99958
9.99992
9.99871
-10.0006
-10.0008
-10.0009
-10.0004
-9.99896
10.0009
10.0001
-10.0005
-9.99912
10.0017
-9.99952
9.99855
9.99973
-9.9995
9.99885
10.0006
10.0012
9.99964
-10.0001
10.0005
-9.99959
9.99978
-10.0003
-9.99945
-9.99948
10.0008
-9.99978
-10.0007
10.001
9.99959
10.0006
-10.0002
-10.0014
-9.99995
-10.0005
-9.99967
9.99945
10.0006
-10.0005
-9.99899
9.99961
-10.0003
9.99926
10.0003
-9.99946
9.99981
10.001
10.0001
9.99957
-9.99981
9.99829
-9.99845
10.0004
-10.001
-10.0002
-9.99802
10.0008
-10
-10.001
10.0006
10.0003
10.0021
-9.999
-9.99998
-10.0008
-9.99965
-10.0004
9.99941
9.99991
-10.0013
-9.99944
10.0001
-9.9984
10.0005
10.0016
-10.0005
9.99968
10.0003
9.99961
10.0002
-10.0007
9.99924
-9.99947
9.99969
-10.0018
-9.99816
-9.99942
9.99964
-10.0013
-9.99996
9.99956
10.0012
9.99909
-9.99885
-9.99792
-10.0002
-9.99923
-10.0006
10.0011
9.99849
-10.0002
-9.99951
10.0002
-10.0006
9.99789
10.0012
-10.0009
10.0012
10.0001
9.99875
9.99879
-10.0008
10.0014
-9.99837
9.99901
-9.99993
-10.0005
-9.99991
10.0004
-9.9984
-9.99949
9.99894
10.0005
10.0001
-9.99959
-9.99942
-9.99994
-9.99959
-10.0016
9.99945
9.99973
-9.9998
-10.0002
10.0011
-9.99991
10.0015
10.0007
-9.99943
9.99861
9.99966
10.0003
9.99953
-9.99984
10.0002
-10.0001
10
-10.0015
-9.99954
-9.99844
9.99976
-9.99965
-9.99948
10.0004
9.99912
9.99912
-9.9998
-10.0004
-9.99991
-9.99885
-10.001
10.0002
10.0001
-9.99842
-9.9998
10
-10.0002
9.99999
10.0005
-10.0015
10.0009
10.0005
9.99988
10.0004
-10.0008
9.9981
-9.99999
9.99987
-10.0006
-9.99972
-10.0008
9.99962
-9.99993
-9.99926
9.99983
9.9998
10.0008
-10.0011
-9.99979
-10.0011
-9.99995
-10
9.99872
9.9994
-10.0001
-9.99952
9.99951
-9.99945
9.99971
10.0002
-10.0005
9.99886
10.0012
10.0005
10.0003
-9.99954
9.99927
-9.99951
10.0001
-10.0001
-10.0013
-10.0002
9.99928
-10
-9.99964
10.0005
10.0013
9.99986
-10.0001
-9.99858
-10.0004
-9.99936
-9.99855
9.99976
10.0012
-10.002
-9.99999
10.0009
-10.0005
9.99986
9.99992
-9.99914
9.9999
9.99786
10.0009
10.0001
-10.0011
10.0011
-9.99891
10.0006
-10.0005
-9.9979
-9.99929
9.99846
-10.0011
-9.99927
9.99828
9.99984
10.0014
-10.0008
-9.99941
-10.0004
-9.9995
-10.0004
9.99995
10.0012
-9.99969
-9.99919
9.99988
-10.0006
9.99864
10.0016
-9.99949
9.99945
9.99899
10.0001
9.99825
-10.0006
10.0007
-10.001
9.99905
-9.9989
-9.99997
-10.0013
10.0005
-9.99877
-9.999
10.0002
9.9996
10.0003
-9.99887
-9.99972
-9.99861
-10.0007
-9.99962
9.99954
9.99909
-10.0017
-10.0015
9.99994
-9.99959
10.0014
9.99988
-10.0003
10.0002
10.0007
10.0015
10.0006
-9.99998
10.0013
-9.99943
10.0003
-9.99998
-9.99937
-9.99939
9.99911
-9.99958
-10.0002
9.99857
10.0003
9.99748
-10.0002
-10.0004
-9.99957
-9.99924
-9.99926
9.99948
9.99804
-10.0012
-9.99965
10.001
-9.99941
9.99935
9.99867
-9.99981
9.99981
10.0004
9.9997
9.99841
-9.9999
9.99989
-10.0002
10.0001
-10.0004
-10.0002
-10.0011
9.99987
-9.99973
-10.0006
10.0008
10.0008
9.99987
-9.99922
-10.0005
-10.0005
-9.99945
-9.99921
9.9991
9.99751
-9.99899
-10.0012
10.0004
-9.99924
9.99871
9.99987
-9.99975
10.001
10.0003
10.001
9.99997
-10.0007
10.0007
-10.0014
9.99913
-10.0001
-10.0011
-10.001
9.99999
-10.0001
-9.99923
10.0013
10.0001
10.0022
-10.0004
-9.99989
-9.99951
-9.99984
-10.0011
10.0003
10.0005
-9.99913
-10.0006
9.99929
-10.0008
10.0001
9.99933
-9.99884
10.0005
10.0003
10.0015
9.99939
-9.99927
10.0001
-10.0003
9.99953
-10.0001
-9.99802
-10.0006
10.002
-9.99989
-9.99957
10.0009
10.0003
10.0013
-9.99956
-9.99949
-9.99888
-9.99993
-9.99884
10.002
10.0001
-10.0002
-10.0001
9.99894
-9.99905
9.99905
10.002
-10
10.0004
9.99885
9.99992
9.99942
-9.99974
10.0003
-10.0005
9.998
-9.99978
-10.0007
-9.99958
10.0001
-10
-9.99907
10.001
9.99959
9.99991
-10.0005
-9.99962
-9.99792
-10.0011
-10.0003
10.0001
9.99986
-9.9981
-10.0003
9.99828
-10.0022
9.99971
10.0001
-10.0012
9.9986
10.0009
10.0007
10.0003
-10.0002
9.99976
-10.0011
9.99856
-10.0021
-10.0005
-10.0001
10.0008
-10.0008
-9.99966
9.99925
10.0015
9.9979
-10.0004
-10.0017
-10.0006
-9.99869
-10.0005
9.999
10.0004
-10.0007
-10.0013
10.0001
-9.99949
9.99952
10.0004
-9.99842
9.99916
9.99983
10.0002
10.0004
-10.0003
9.99978
-10.0013
10.0015
-10.0005
-10.0001
-10.0006
9.99985
-9.99891
-10.0002
10.0007
9.99999
10.0002
-9.99955
-9.99991
-10.0019
-10.0003
-9.99933
10.0013
9.99974
-10.0004
-10.0002
9.99897
-9.99988
9.99958
10.0003
-9.99993
9.99993
10.0001
10.0005
10
-10.0007
9.99968
-10.001
9.99881
-10.0006
-10
-10.0008
10.0004
-9.99886
-9.99883
9.99926
9.99979
10.0001
-10.0007
-10.0003
-9.99871
-9.99972
-9.9989
10.0004
9.99867
-9.99967
-9.9987
10.0005
-10.0014
9.99969
9.99913
-9.99852
10.0001
10.0008
10.0005
9.99909
-10.0008
9.99885
-9.9996
9.99818
-9.99984
-9.99993
-9.99958
9.99999
-10.0009
-9.99958
9.99904
10.0005
10.0004
-10.0006
-10.0002
-10.0008
-9.99858
-10.0008
10.0001
9.99975
-9.99975
-9.99903
10.0001
-9.99957
10.0002
10.0004
-10.0009
10.0011
10.0013
9.99988
9.99947
-10.0019
10.0016
-10.0007
9.99984
-10.0003
-9.99991
-10.0006
10.0007
-10.0009
-10
10.0012
9.9993
10.0016
-9.99969
-9.99861
-9.99954
-9.99779
-9.99974
9.99983
9.99869
-10.0008
-9.99953
9.99949
-10.0001
10.0013
10.0007
-9.99978
10.0008
9.99886
9.99951
10.0001
-10.0007
10.0004
-10.0014
9.99904
-9.99942
-10.0013
-9.99808
10.0007
-9.99997
-9.99898
10.0004
10.001
9.99786
-9.9996
-9.99939
-10.0001
-9.99987
-9.99871
9.99989
10.0006
-10
-10.0005
9.99915
-10.0005
9.99996
10.0007
-10.0025
10.0002
9.99879
9.99961
9.99988
-10.0014
10.0004
-9.99858
9.99928
-9.9988
-9.99777
-10.0009
9.9997
-9.99997
-10.0001
9.99987
9.99881
9.99932
-10.0006
-9.99874
-10.0002
-9.9983
-10.0005
9.99856
10.0005
-9.99895
-9.99806
9.99933
-9.99942
9.99917
10.0009
-9.99978
10.0006
10.0009
10.0018
9.99969
-9.99928
10.0015
-9.99945
10.0021
-9.99822
-9.99999
-9.99859
10
-9.9999
-9.9989
10.0004
10.001
9.99928
-9.99866
-9.99931
-10.0009
-10.0003
-10.0004
10.0007
9.99969
-9.99948
-10.0005
9.99985
-10.0001
10
9.99958
-9.99934
9.99957
10.0001
9.99951
10.001
-10.0002
9.9993
-9.99951
10.0005
-10.0009
-10.0012
-10.0007
10.0003
-10
-10.0002
9.99931
10.0004
10.0002
-10.001
-10.0024
-9.99944
-10.0004
-10.0009
10.0001
10.0012
-10.0013
-9.99985
10
-10.0003
9.99972
10.0002
-9.99982
9.9999
10.0005
9.99959
9.9993
-9.99922
10.0007
-9.99977
9.99973
-10.0002
-10.001
-9.99962
10.0011
-9.99885
-9.99946
9.99962
10.0004
10.0004
-10.0008
-10.0001
-9.99915
-9.99935
-9.99972
10.0009
9.99977
-9.99946
-10.0004
9.99887
-10.0006
10.0003
9.99809
-9.99919
10.0002
9.99872
10.0019
10.0008
-9.99999
9.99982
-9.9988
10.0005
-9.99993
-9.99984
-10.0021
9.9995
-9.99984
-10.0008
10.0003
10.0003
9.99854
-10.0006
-10.0015
-9.99968
-9.99995
-9.99928
9.99975
10.0001
-9.99778
-9.99962
10.0019
-10.0004
10.0018
10.0012
-9.99977
9.99926
9.99958
9.99863
10.0007
-10.0005
10.0011
-10.0006
10.0014
-9.99907
-9.99997
-10.0012
9.99944
-10.0004
-10.0002
9.99824
10.0003
9.99975
-9.9989
-9.99843
-10.0003
-9.99954
-9.99901
9.9991
10.0007
-9.99923
-9.99909
10.0003
-10.0001
9.99918
10.0006
-10
9.99942
10.0009
9.99973
9.99996
-10.0002
10.0017
-9.9992
10.0008
-10.0006
-10.0002
-10
10.0011
-10.0002
-9.99828
10.0003
9.99992
10
-10.0008
-9.99929
-9.999
-9.99919
-10.0006
10.0003
9.99908
-10.0007
-10.0007
10.0011
-10
10.0001
9.99977
-9.99994
10.0001
9.99893
9.99988
10.0013
-9.99928
10
-9.99983
10.0003
-9.99924
-10.0015
-9.99982
9.99919
-9.99941
-10.0017
10.0004
10.0006
10.002
-10.0005
-9.99978
-9.99978
-9.99973
-10.0004
10.0009
9.99947
-10.0008
-9.99963
10.0015
-9.99887
10.0008
9.99774
-9.99918
10.0003
9.99894
9.99942
10.0022
-10.0005
9.99995
-9.99943
9.9985
-10.0005
-9.99908
-10.0001
9.99907
-10.0016
-10.0004
9.99929
10.0006
10.0005
-9.99813
-10.0004
-9.99906
-9.99929
-10.0002
9.99961
10.0007
-10.001
-10.0006
10.0005
-9.99918
9.99995
10.0013
-9.99887
9.99974
10.0004
-9.99973
-10.0003
-10.001
-10.0009
9.99877
9.99991
-10.0018
-10.0021
